0.0 0
100.0 0
200.0 0
300.0 9
400.0 10
500.0 2
600.0 3
700.0 1
800.0 4
900.0 0
1000.0 10
1100.0 1
1200.0 10
1300.0 11
1400.0 9
1500.0 5
1600.0 11
1700.0 0
1800.0 10
1900.0 2
2000.0 8
2100.0 7
2200.0 8
2300.0 5
2400.0 4
2500.0 1
2600.0 7
2700.0 1
2800.0 2
2900.0 10
3000.0 1
3100.0 2
3200.0 11
3300.0 3
3400.0 3
3500.0 5
3600.0 7
3700.0 3
3800.0 2
3900.0 1
4000.0 0
4100.0 8
4200.0 7
4300.0 0
4400.0 5
4500.0 4
4600.0 3
4700.0 5
4800.0 3
4900.0 12
5000.0 7
5100.0 8
5200.0 7
5300.0 7
5400.0 10
5500.0 11
5600.0 7
5700.0 5
5800.0 2
5900.0 6
6000.0 10
6100.0 12
6200.0 1
6300.0 9
6400.0 12
6500.0 12
6600.0 5
6700.0 11
6800.0 5
6900.0 10
7000.0 8
7100.0 4
7200.0 3
7300.0 6
7400.0 5
7500.0 0
7600.0 3
7700.0 0
7800.0 4
7900.0 2
8000.0 1
8100.0 4
8200.0 0
8300.0 1
8400.0 2
8500.0 6
8600.0 6
8700.0 5
8800.0 6
8900.0 5
9000.0 7
9100.0 5
9200.0 1
9300.0 9
9400.0 12
9500.0 0
9600.0 3
9700.0 9
9800.0 10
9900.0 10
10000.0 0
10100.0 13
10200.0 11
10300.0 5
10400.0 8
10500.0 2
10600.0 9
10700.0 13
10800.0 13
10900.0 5
11000.0 11
11100.0 10
11200.0 5
11300.0 10
11400.0 3
11500.0 8
11600.0 0
11700.0 3
11800.0 8
11900.0 12
12000.0 13
12100.0 5
12200.0 12
12300.0 11
12400.0 8
12500.0 14
12600.0 7
12700.0 7
12800.0 11
12900.0 4
13000.0 12
13100.0 12
13200.0 9
13300.0 4
13400.0 12
13500.0 14
13600.0 13
13700.0 13
13800.0 12
13900.0 2
14000.0 6
14100.0 13
14200.0 9
14300.0 10
14400.0 13
14500.0 11
14600.0 6
14700.0 13
14800.0 11
14900.0 12
15000.0 12
15100.0 3
15200.0 4
15300.0 9
15400.0 6
15500.0 6
15600.0 8
15700.0 8
15800.0 2
15900.0 6
16000.0 2
16100.0 6
16200.0 5
16300.0 5
16400.0 2
16500.0 3
16600.0 4
16700.0 2
16800.0 4
16900.0 1
17000.0 2
17100.0 0
17200.0 3
17300.0 0
17400.0 1
17500.0 2
17600.0 0
17700.0 3
17800.0 2
17900.0 0
18000.0 2
18100.0 1
18200.0 0
18300.0 1
18400.0 1
18500.0 1
18600.0 2
18700.0 2
18800.0 2
18900.0 2
19000.0 3
19100.0 1
19200.0 1
19300.0 3
19400.0 3
19500.0 0
19600.0 0
19700.0 2
19800.0 2
19900.0 4
20000.0 0
20100.0 2
20200.0 2
20300.0 1
20400.0 5
20500.0 1
20600.0 3
20700.0 4
20800.0 4
20900.0 2
21000.0 1
21100.0 0
21200.0 5
21300.0 5
21400.0 0
21500.0 4
21600.0 2
21700.0 2
21800.0 6
21900.0 2
22000.0 6
22100.0 5
22200.0 4
22300.0 0
22400.0 2
22500.0 1
22600.0 2
22700.0 6
22800.0 5
22900.0 5
23000.0 4
23100.0 1
23200.0 7
23300.0 9
23400.0 1
23500.0 6
23600.0 3
23700.0 5
23800.0 5
23900.0 7
24000.0 1
24100.0 0
24200.0 3
24300.0 8
24400.0 6
24500.0 1
24600.0 7
24700.0 8
24800.0 5
24900.0 1
25000.0 1
25100.0 1
25200.0 0
25300.0 0
25400.0 4
25500.0 0
25600.0 2
25700.0 0
25800.0 7
25900.0 4
26000.0 8
26100.0 3
26200.0 8
26300.0 9
26400.0 0
26500.0 4
26600.0 7
26700.0 5
26800.0 8
26900.0 2
27000.0 0
27100.0 0
27200.0 8
27300.0 1
27400.0 5
27500.0 5
27600.0 7
27700.0 6
27800.0 4
27900.0 1
28000.0 5
28100.0 4
28200.0 3
28300.0 4
28400.0 2
28500.0 6
28600.0 3
28700.0 5
28800.0 0
28900.0 0
29000.0 1
29100.0 1
29200.0 1
29300.0 1
29400.0 3
29500.0 5
29600.0 5
29700.0 2
29800.0 5
29900.0 0
30000.0 0
30100.0 5
30200.0 1
30300.0 0
30400.0 4
30500.0 3
30600.0 2
30700.0 3
30800.0 2
30900.0 1
31000.0 4
31100.0 0
31200.0 1
31300.0 0
31400.0 4
31500.0 1
31600.0 2
31700.0 1
31800.0 0
31900.0 0
32000.0 4
32100.0 5
32200.0 4
32300.0 1
32400.0 0
32500.0 2
32600.0 3
32700.0 2
32800.0 5
32900.0 1
33000.0 2
33100.0 1
33200.0 0
33300.0 0
33400.0 3
33500.0 5
33600.0 1
33700.0 3
33800.0 5
33900.0 3
34000.0 2
34100.0 5
34200.0 1
34300.0 2
34400.0 4
34500.0 4
34600.0 3
34700.0 2
34800.0 5
34900.0 2
35000.0 5
35100.0 2
35200.0 2
35300.0 0
35400.0 3
35500.0 1
35600.0 1
35700.0 2
35800.0 2
35900.0 1
36000.0 2
36100.0 3
36200.0 2
36300.0 3
36400.0 2
36500.0 3
36600.0 1
36700.0 3
36800.0 0
36900.0 3
37000.0 1
37100.0 0
37200.0 2
37300.0 2
37400.0 2
37500.0 0
37600.0 1
37700.0 1
37800.0 0
37900.0 0
38000.0 0
38100.0 1
38200.0 0
38300.0 1
38400.0 1
38500.0 0
38600.0 1
38700.0 0
38800.0 1
38900.0 0
39000.0 1
39100.0 1
39200.0 0
39300.0 1
39400.0 0
39500.0 0
39600.0 0
39700.0 0
39800.0 0
39900.0 0
40000.0 0
40100.0 0
40200.0 0
40300.0 0
40400.0 0
40500.0 0
40600.0 0
40700.0 0
40800.0 0
40900.0 0
41000.0 0
41100.0 0
41200.0 0
41300.0 0
41400.0 0
41500.0 0
41600.0 0
41700.0 1
41800.0 1
41900.0 0
42000.0 1
42100.0 1
42200.0 1
42300.0 0
42400.0 1
42500.0 1
42600.0 1
42700.0 1
42800.0 0
42900.0 0
43000.0 1
43100.0 1
43200.0 1
43300.0 1
43400.0 1
43500.0 1
43600.0 1
43700.0 1
43800.0 1
43900.0 0
44000.0 1
44100.0 0
44200.0 0
44300.0 0
44400.0 0
44500.0 0
44600.0 0
44700.0 0
44800.0 1
44900.0 1
45000.0 0
45100.0 0
45200.0 0
45300.0 0
45400.0 0
45500.0 0
45600.0 0
45700.0 0
45800.0 0
45900.0 0
46000.0 0
