0.0 0
100.0 0
200.0 0
300.0 0
400.0 0
500.0 0
600.0 1
700.0 1
800.0 1
900.0 1
1000.0 1
1100.0 2
1200.0 5
1300.0 5
1400.0 5
1500.0 5
1600.0 6
1700.0 6
1800.0 5
1900.0 5
2000.0 5
2100.0 5
2200.0 5
2300.0 5
2400.0 5
2500.0 5
2600.0 5
2700.0 5
2800.0 5
2900.0 5
3000.0 5
3100.0 5
3200.0 5
3300.0 5
3400.0 5
3500.0 5
3600.0 5
3700.0 5
3800.0 5
3900.0 5
4000.0 5
4100.0 5
4200.0 5
4300.0 5
4400.0 5
4500.0 6
4600.0 5
4700.0 5
4800.0 5
4900.0 5
5000.0 5
5100.0 5
5200.0 5
5300.0 5
5400.0 5
5500.0 6
5600.0 5
5700.0 5
5800.0 5
5900.0 5
6000.0 5
6100.0 5
6200.0 5
6300.0 5
6400.0 5
6500.0 5
6600.0 5
6700.0 5
6800.0 5
6900.0 5
7000.0 5
7100.0 5
7200.0 5
7300.0 5
7400.0 5
7500.0 5
7600.0 5
7700.0 5
7800.0 5
7900.0 5
8000.0 5
8100.0 5
8200.0 5
8300.0 5
8400.0 5
8500.0 5
8600.0 6
8700.0 6
8800.0 5
8900.0 5
9000.0 5
9100.0 5
9200.0 5
9300.0 5
9400.0 5
9500.0 5
9600.0 5
9700.0 5
9800.0 5
9900.0 5
10000.0 5
10100.0 5
10200.0 5
10300.0 5
10400.0 5
10500.0 6
10600.0 6
10700.0 6
10800.0 5
10900.0 5
11000.0 5
11100.0 5
11200.0 5
11300.0 5
11400.0 5
11500.0 5
11600.0 5
11700.0 5
11800.0 6
11900.0 6
12000.0 5
12100.0 5
12200.0 5
12300.0 5
12400.0 5
12500.0 5
12600.0 5
12700.0 5
12800.0 5
12900.0 5
13000.0 5
13100.0 5
13200.0 5
13300.0 5
13400.0 5
13500.0 5
13600.0 5
13700.0 5
13800.0 5
13900.0 5
14000.0 5
14100.0 5
14200.0 5
14300.0 5
14400.0 5
14500.0 5
14600.0 5
14700.0 5
14800.0 5
14900.0 5
15000.0 5
15100.0 4
15200.0 4
15300.0 4
15400.0 4
15500.0 4
15600.0 5
15700.0 1
15800.0 0
15900.0 2
16000.0 1
16100.0 1
16200.0 0
16300.0 0
16400.0 0
16500.0 0
16600.0 0
16700.0 0
16800.0 0
16900.0 0
17000.0 0
17100.0 0
17200.0 0
17300.0 0
17400.0 0
17500.0 0
17600.0 0
17700.0 0
17800.0 0
17900.0 0
18000.0 0
18100.0 0
18200.0 1
18300.0 0
18400.0 0
18500.0 0
18600.0 0
18700.0 0
18800.0 0
18900.0 0
19000.0 0
19100.0 0
19200.0 0
19300.0 0
19400.0 0
19500.0 0
19600.0 0
19700.0 0
19800.0 0
19900.0 0
20000.0 0
20100.0 2
20200.0 3
20300.0 3
20400.0 3
20500.0 3
20600.0 3
20700.0 3
20800.0 3
20900.0 5
21000.0 5
21100.0 5
21200.0 5
21300.0 5
21400.0 5
21500.0 5
21600.0 6
21700.0 6
21800.0 6
21900.0 6
22000.0 6
22100.0 6
22200.0 6
22300.0 7
22400.0 7
22500.0 7
22600.0 7
22700.0 8
22800.0 7
22900.0 7
23000.0 7
23100.0 8
23200.0 7
23300.0 7
23400.0 7
23500.0 7
23600.0 7
23700.0 7
23800.0 7
23900.0 7
24000.0 7
24100.0 7
24200.0 7
24300.0 7
24400.0 7
24500.0 7
24600.0 7
24700.0 7
24800.0 7
24900.0 7
25000.0 7
25100.0 7
25200.0 7
25300.0 7
25400.0 7
25500.0 7
25600.0 7
25700.0 7
25800.0 7
25900.0 7
26000.0 7
26100.0 7
26200.0 7
26300.0 7
26400.0 7
26500.0 7
26600.0 7
26700.0 7
26800.0 7
26900.0 7
27000.0 7
27100.0 7
27200.0 7
27300.0 7
27400.0 7
27500.0 7
27600.0 7
27700.0 7
27800.0 7
27900.0 7
28000.0 7
28100.0 7
28200.0 7
28300.0 7
28400.0 7
28500.0 7
28600.0 7
28700.0 7
28800.0 7
28900.0 7
29000.0 7
29100.0 7
29200.0 7
29300.0 7
29400.0 7
29500.0 7
29600.0 7
29700.0 7
29800.0 7
29900.0 7
30000.0 7
30100.0 7
30200.0 7
30300.0 7
30400.0 7
30500.0 7
30600.0 7
30700.0 7
30800.0 7
30900.0 7
31000.0 7
31100.0 7
31200.0 8
31300.0 8
31400.0 7
31500.0 7
31600.0 7
31700.0 7
31800.0 7
31900.0 7
32000.0 7
32100.0 7
32200.0 7
32300.0 7
32400.0 7
32500.0 7
32600.0 7
32700.0 7
32800.0 7
32900.0 7
33000.0 7
33100.0 7
33200.0 7
33300.0 7
33400.0 7
33500.0 7
33600.0 7
33700.0 7
33800.0 7
33900.0 7
34000.0 7
34100.0 7
34200.0 7
34300.0 7
34400.0 7
34500.0 7
34600.0 7
34700.0 8
34800.0 8
34900.0 7
35000.0 7
35100.0 7
35200.0 7
35300.0 7
35400.0 7
35500.0 7
35600.0 7
35700.0 7
35800.0 7
35900.0 7
36000.0 7
36100.0 7
36200.0 7
36300.0 7
36400.0 7
36500.0 7
36600.0 7
36700.0 7
36800.0 7
36900.0 7
37000.0 7
37100.0 7
37200.0 7
37300.0 7
37400.0 7
37500.0 7
37600.0 8
37700.0 8
37800.0 7
37900.0 7
38000.0 7
38100.0 7
38200.0 7
38300.0 4
38400.0 4
38500.0 4
38600.0 4
38700.0 4
38800.0 4
38900.0 4
39000.0 3
39100.0 2
39200.0 2
39300.0 2
39400.0 2
39500.0 2
39600.0 2
39700.0 1
39800.0 1
39900.0 1
40000.0 1
40100.0 1
40200.0 1
40300.0 1
40400.0 0
40500.0 0
40600.0 0
40700.0 0
40800.0 0
40900.0 0
41000.0 0
41100.0 0
41200.0 0
41300.0 0
41400.0 0
41500.0 0
41600.0 0
41700.0 0
41800.0 0
41900.0 0
42000.0 0
42100.0 0
42200.0 0
42300.0 0
42400.0 0
42500.0 0
42600.0 0
42700.0 0
42800.0 0
42900.0 0
43000.0 0
43100.0 0
43200.0 0
43400.0 0
