0.0 0
100.0 0
200.0 0
300.0 0
400.0 0
500.0 0
600.0 0
700.0 0
800.0 1
900.0 2
1000.0 2
1100.0 2
1200.0 2
1300.0 2
1400.0 2
1500.0 2
1600.0 2
1700.0 2
1800.0 2
1900.0 2
2000.0 2
2100.0 2
2200.0 2
2300.0 2
2400.0 2
2500.0 2
2600.0 2
2700.0 2
2800.0 2
2900.0 2
3000.0 2
3100.0 2
3200.0 2
3300.0 2
3400.0 2
3500.0 2
3600.0 2
3700.0 2
3800.0 2
3900.0 2
4000.0 2
4100.0 2
4200.0 2
4300.0 2
4400.0 2
4500.0 2
4600.0 2
4700.0 2
4800.0 2
4900.0 2
5000.0 2
5100.0 2
5200.0 2
5300.0 2
5400.0 2
5500.0 2
5600.0 2
5700.0 2
5800.0 2
5900.0 2
6000.0 2
6100.0 2
6200.0 2
6300.0 2
6400.0 2
6500.0 4
6600.0 4
6700.0 4
6800.0 4
6900.0 4
7000.0 4
7100.0 4
7200.0 4
7300.0 4
7400.0 4
7500.0 4
7600.0 4
7700.0 4
7800.0 4
7900.0 4
8000.0 4
8100.0 4
8200.0 4
8300.0 4
8400.0 4
8500.0 4
8600.0 4
8700.0 4
8800.0 4
8900.0 4
9000.0 4
9100.0 4
9200.0 4
9300.0 4
9400.0 4
9500.0 4
9600.0 4
9700.0 4
9800.0 4
9900.0 4
10000.0 4
10100.0 4
10200.0 4
10300.0 4
10400.0 4
10500.0 4
10600.0 4
10700.0 4
10800.0 4
10900.0 4
11000.0 4
11100.0 4
11200.0 4
11300.0 4
11400.0 4
11500.0 4
11600.0 3
11700.0 4
11800.0 4
11900.0 4
12000.0 4
12100.0 4
12200.0 4
12300.0 4
12400.0 4
12500.0 4
12600.0 4
12700.0 4
12800.0 4
12900.0 4
13000.0 4
13100.0 4
13200.0 4
13300.0 4
13400.0 4
13500.0 4
13600.0 4
13700.0 4
13800.0 4
13900.0 4
14000.0 4
14100.0 4
14200.0 4
14300.0 4
14400.0 4
14500.0 4
14600.0 4
14700.0 4
14800.0 4
14900.0 4
15000.0 4
15100.0 4
15200.0 4
15300.0 4
15400.0 2
15500.0 1
15600.0 1
15700.0 1
15800.0 1
15900.0 1
16000.0 1
16100.0 1
16200.0 1
16300.0 1
16400.0 1
16500.0 1
16600.0 1
16700.0 1
16800.0 1
16900.0 1
17000.0 1
17100.0 1
17200.0 1
17300.0 1
17400.0 1
17500.0 1
17600.0 1
17700.0 1
17800.0 1
17900.0 1
18000.0 1
18100.0 1
18200.0 1
18300.0 1
18400.0 1
18500.0 1
18600.0 1
18700.0 1
18800.0 1
18900.0 1
19000.0 1
19100.0 1
19200.0 1
19300.0 1
19400.0 1
19500.0 1
19600.0 1
19700.0 1
19800.0 3
19900.0 4
20000.0 4
20100.0 4
20200.0 4
20300.0 4
20400.0 4
20500.0 4
20600.0 4
20700.0 5
20800.0 5
20900.0 5
21000.0 5
21100.0 5
21200.0 5
21300.0 5
21400.0 5
21500.0 5
21600.0 5
21700.0 5
21800.0 5
21900.0 5
22000.0 5
22100.0 5
22200.0 5
22300.0 5
22400.0 5
22500.0 5
22600.0 5
22700.0 5
22800.0 5
22900.0 5
23000.0 5
23100.0 5
23200.0 5
23300.0 5
23400.0 5
23500.0 5
23600.0 5
23700.0 5
23800.0 5
23900.0 5
24000.0 5
24100.0 5
24200.0 5
24300.0 5
24400.0 5
24500.0 5
24600.0 5
24700.0 5
24800.0 5
24900.0 5
25000.0 5
25100.0 5
25200.0 5
25300.0 5
25400.0 5
25500.0 5
25600.0 5
25700.0 5
25800.0 5
25900.0 5
26000.0 5
26100.0 5
26200.0 5
26300.0 5
26400.0 5
26500.0 5
26600.0 5
26700.0 5
26800.0 5
26900.0 5
27000.0 5
27100.0 5
27200.0 5
27300.0 5
27400.0 5
27500.0 5
27600.0 5
27700.0 5
27800.0 5
27900.0 5
28000.0 5
28100.0 5
28200.0 5
28300.0 5
28400.0 5
28500.0 5
28600.0 5
28700.0 5
28800.0 5
28900.0 5
29000.0 5
29100.0 5
29200.0 5
29300.0 5
29400.0 5
29500.0 5
29600.0 5
29700.0 5
29800.0 5
29900.0 5
30000.0 5
30100.0 5
30200.0 5
30300.0 5
30400.0 5
30500.0 5
30600.0 5
30700.0 5
30800.0 5
30900.0 5
31000.0 5
31100.0 5
31200.0 5
31300.0 5
31400.0 5
31500.0 5
31600.0 5
31700.0 5
31800.0 5
31900.0 5
32000.0 5
32100.0 5
32200.0 5
32300.0 5
32400.0 5
32500.0 5
32600.0 5
32700.0 5
32800.0 5
32900.0 5
33000.0 5
33100.0 5
33200.0 5
33300.0 5
33400.0 5
33500.0 5
33600.0 5
33700.0 5
33800.0 5
33900.0 5
34000.0 5
34100.0 5
34200.0 5
34300.0 5
34400.0 5
34500.0 5
34600.0 5
34700.0 5
34800.0 5
34900.0 5
35000.0 5
35100.0 5
35200.0 5
35300.0 5
35400.0 5
35500.0 5
35600.0 5
35700.0 5
35800.0 5
35900.0 5
36000.0 5
36100.0 5
36200.0 5
36300.0 5
36400.0 5
36500.0 5
36600.0 5
36700.0 5
36800.0 5
36900.0 5
37000.0 5
37100.0 5
37200.0 5
37300.0 5
37400.0 5
37500.0 5
37600.0 5
37700.0 5
37800.0 4
37900.0 3
38000.0 1
38100.0 1
38200.0 1
38300.0 1
38400.0 1
38500.0 1
38600.0 1
38700.0 1
38800.0 1
38900.0 1
39000.0 1
39100.0 1
39200.0 1
39300.0 1
39400.0 1
39500.0 1
39600.0 1
39700.0 1
39800.0 1
39900.0 1
40000.0 1
40100.0 1
40200.0 1
40300.0 1
40400.0 1
40500.0 1
40600.0 1
40700.0 1
40800.0 1
40900.0 1
41000.0 1
41100.0 1
41200.0 1
41300.0 1
41400.0 1
41500.0 1
41600.0 1
41700.0 1
41800.0 0
41900.0 0
42000.0 1
42100.0 1
42200.0 1
42300.0 1
42400.0 1
42500.0 1
42600.0 1
42700.0 1
42800.0 1
42900.0 1
43000.0 1
43100.0 1
43200.0 1
43300.0 1
43400.0 1
43500.0 1
43600.0 1
43700.0 1
43800.0 1
43900.0 1
44000.0 1
44100.0 1
44200.0 1
44300.0 1
44400.0 1
44500.0 1
44600.0 1
44700.0 1
44800.0 1
44900.0 1
45000.0 1
45100.0 1
45200.0 1
45300.0 1
45700.0 1
