0.0 0
100.0 0
200.0 0
300.0 0
400.0 0
500.0 0
600.0 0
700.0 0
800.0 0
900.0 0
1000.0 0
1100.0 0
1200.0 0
1300.0 0
1400.0 0
1500.0 0
1600.0 0
1700.0 0
2000.0 0
2200.0 0
2300.0 0
2400.0 0
2500.0 0
2600.0 0
2800.0 0
3000.0 0
3200.0 0
3300.0 0
3400.0 0
3500.0 0
3600.0 0
3700.0 0
3800.0 0
3900.0 0
4000.0 0
4100.0 0
4200.0 0
4300.0 0
4400.0 0
4500.0 0
4600.0 0
4800.0 0
5000.0 0
5100.0 0
5200.0 0
5300.0 0
5400.0 0
5500.0 0
5700.0 0
5800.0 0
5900.0 0
6000.0 0
6200.0 0
6300.0 0
6900.0 0
7000.0 0
7100.0 0
7400.0 0
7500.0 0
7600.0 0
7700.0 0
7800.0 0
7900.0 0
8000.0 0
8100.0 0
8200.0 0
8300.0 0
8400.0 0
8500.0 0
8600.0 0
8700.0 0
8800.0 0
8900.0 0
9000.0 0
9100.0 0
9200.0 0
9300.0 0
9400.0 0
9500.0 0
9600.0 0
9700.0 0
9800.0 0
9900.0 0
10000.0 0
10100.0 0
10200.0 0
10300.0 0
10400.0 0
10500.0 0
10600.0 0
10700.0 0
10800.0 0
10900.0 0
11000.0 0
11100.0 0
11200.0 0
11300.0 0
11400.0 0
11500.0 0
11600.0 0
11700.0 0
11800.0 0
11900.0 0
12000.0 0
12100.0 0
12200.0 0
12300.0 0
12400.0 0
12500.0 0
12600.0 0
12700.0 0
12800.0 0
12900.0 0
13000.0 0
13100.0 0
13200.0 0
13300.0 0
13400.0 0
13500.0 0
13600.0 0
13700.0 0
13800.0 0
13900.0 0
14000.0 0
14100.0 0
14200.0 0
14300.0 0
14400.0 0
14500.0 0
14600.0 0
14700.0 0
14800.0 0
14900.0 0
15000.0 0
15100.0 0
15200.0 0
15300.0 0
15400.0 0
15500.0 0
15600.0 0
15700.0 0
15800.0 0
15900.0 3
16000.0 2
16100.0 4
16200.0 5
16300.0 6
16400.0 6
16500.0 6
16600.0 8
16700.0 9
16800.0 11
16900.0 12
17000.0 14
17100.0 14
17200.0 17
17300.0 18
17400.0 20
17600.0 23
17700.0 23
17800.0 23
17900.0 23
18000.0 23
18100.0 24
18300.0 25
18400.0 25
18800.0 25
18900.0 25
19000.0 25
19100.0 25
19200.0 25
19300.0 25
19400.0 25
19500.0 24
19600.0 23
19700.0 21
19800.0 20
19900.0 19
20000.0 19
20100.0 17
20200.0 17
20300.0 17
20400.0 16
20500.0 14
20600.0 14
20700.0 14
20800.0 14
20900.0 14
21000.0 9
21100.0 7
21200.0 5
21300.0 4
21400.0 2
21500.0 2
21600.0 2
21700.0 2
21800.0 1
21900.0 1
22000.0 1
22100.0 1
22200.0 1
22300.0 1
22400.0 1
22500.0 1
22600.0 1
22700.0 1
22800.0 1
22900.0 1
23000.0 1
23100.0 1
23200.0 1
23300.0 1
23400.0 1
23500.0 1
23600.0 1
23700.0 1
23800.0 1
23900.0 1
24000.0 1
24100.0 1
24200.0 1
24300.0 1
24400.0 1
24500.0 1
24600.0 1
24700.0 1
24800.0 1
24900.0 1
25000.0 1
25100.0 1
25200.0 1
25300.0 1
25400.0 1
25500.0 1
25600.0 1
25700.0 1
25800.0 1
25900.0 1
26000.0 1
26100.0 1
26200.0 1
26300.0 1
26400.0 1
26500.0 1
26600.0 1
26700.0 1
26800.0 1
26900.0 1
27000.0 1
27100.0 1
27200.0 1
27300.0 1
27400.0 1
27500.0 1
27600.0 1
27700.0 1
27800.0 1
27900.0 1
28000.0 1
28100.0 1
28200.0 1
28300.0 1
28400.0 1
28500.0 1
28600.0 1
28700.0 1
28800.0 1
28900.0 1
29000.0 1
29100.0 1
29200.0 1
29300.0 2
29400.0 2
29500.0 2
29600.0 4
29700.0 4
29800.0 5
29900.0 5
30000.0 6
30100.0 6
30200.0 6
30300.0 6
30400.0 7
30500.0 8
30600.0 7
30700.0 8
30800.0 8
30900.0 8
31000.0 7
31100.0 6
31200.0 5
31300.0 5
31400.0 5
31500.0 5
31600.0 5
31700.0 5
31800.0 4
31900.0 5
32000.0 5
32100.0 4
32200.0 4
32300.0 4
32400.0 4
32500.0 4
32600.0 2
32700.0 2
32800.0 2
32900.0 2
33000.0 2
33100.0 2
33200.0 2
33300.0 2
33400.0 2
33500.0 2
33600.0 2
33700.0 2
33800.0 1
33900.0 1
34000.0 1
34100.0 1
34200.0 1
34300.0 1
34400.0 1
34500.0 1
34600.0 1
34700.0 1
34800.0 1
34900.0 1
35000.0 1
35100.0 1
35200.0 1
35300.0 1
35400.0 1
35500.0 1
35600.0 1
35700.0 1
35800.0 1
35900.0 1
36000.0 1
36100.0 3
36200.0 3
36300.0 3
36400.0 3
36500.0 5
36600.0 5
36700.0 6
36800.0 6
36900.0 5
37000.0 5
37100.0 5
37200.0 3
37300.0 2
37400.0 1
37500.0 1
37600.0 1
37700.0 1
37800.0 1
37900.0 1
38000.0 1
38100.0 1
38200.0 1
38300.0 1
38400.0 1
38500.0 1
38600.0 1
38700.0 1
38800.0 1
38900.0 1
39000.0 1
39100.0 1
39200.0 1
39300.0 1
39400.0 1
39500.0 1
39600.0 1
39700.0 1
39800.0 1
39900.0 1
40000.0 1
40100.0 1
40200.0 1
40300.0 1
40400.0 1
40500.0 1
40600.0 1
40700.0 1
40800.0 1
40900.0 1
41000.0 1
41100.0 1
41200.0 1
41300.0 1
41400.0 1
41500.0 1
41600.0 1
41700.0 1
41800.0 1
41900.0 1
42000.0 1
42100.0 1
42200.0 1
42300.0 1
42400.0 1
42500.0 1
42600.0 1
42700.0 1
42800.0 1
42900.0 1
43100.0 1
43200.0 1
43400.0 1
44200.0 1
