0.0 0
100.0 0
200.0 0
300.0 0
400.0 0
500.0 0
600.0 2
700.0 4
800.0 4
900.0 5
1000.0 6
1100.0 7
1200.0 7
1300.0 7
1400.0 7
1500.0 7
1600.0 7
1700.0 7
1800.0 7
1900.0 7
2000.0 7
2100.0 7
2200.0 7
2300.0 7
2400.0 7
2500.0 7
2600.0 7
2700.0 7
2800.0 7
2900.0 7
3000.0 7
3100.0 7
3200.0 7
3300.0 7
3400.0 7
3500.0 7
3600.0 7
3700.0 7
3800.0 7
3900.0 7
4000.0 7
4100.0 7
4200.0 7
4300.0 7
4400.0 7
4500.0 7
4600.0 7
4700.0 7
4800.0 7
4900.0 7
5000.0 7
5100.0 7
5200.0 7
5300.0 7
5400.0 7
5500.0 7
5600.0 7
5700.0 7
5800.0 7
5900.0 7
6000.0 7
6100.0 7
6200.0 7
6300.0 7
6400.0 7
6500.0 7
6600.0 7
6700.0 7
6800.0 7
6900.0 7
7000.0 7
7100.0 7
7200.0 7
7300.0 7
7400.0 7
7500.0 7
7600.0 7
7700.0 7
7800.0 7
7900.0 7
8000.0 4
8100.0 3
8200.0 3
8300.0 3
8400.0 4
8500.0 5
8600.0 6
8700.0 6
8800.0 6
8900.0 6
9000.0 7
9100.0 7
9200.0 8
9300.0 8
9400.0 9
9500.0 9
9600.0 9
9700.0 10
9800.0 10
9900.0 10
10000.0 10
10100.0 10
10200.0 10
10300.0 10
10400.0 10
10500.0 10
10600.0 10
10700.0 10
10800.0 10
10900.0 10
11000.0 10
11100.0 10
11200.0 10
11300.0 10
11400.0 10
11500.0 10
11600.0 10
11700.0 10
11800.0 10
11900.0 10
12000.0 10
12100.0 10
12200.0 10
12300.0 10
12400.0 10
12500.0 10
12600.0 10
12700.0 10
12800.0 10
12900.0 10
13000.0 10
13100.0 10
13200.0 10
13300.0 10
13400.0 10
13500.0 10
13600.0 10
13700.0 10
13800.0 10
13900.0 10
14000.0 10
14100.0 10
14200.0 10
14300.0 10
14400.0 10
14500.0 10
14600.0 10
14700.0 10
14800.0 10
14900.0 10
15000.0 10
15100.0 10
15200.0 10
15300.0 10
15400.0 10
15500.0 9
15600.0 9
15700.0 8
15800.0 8
15900.0 7
16000.0 7
16100.0 7
16200.0 7
16300.0 7
16400.0 6
16500.0 5
16600.0 5
16700.0 5
16800.0 4
16900.0 4
17000.0 4
17100.0 3
17200.0 3
17300.0 3
17400.0 3
17500.0 3
17600.0 3
17700.0 3
17800.0 3
17900.0 3
18000.0 3
18100.0 3
18200.0 3
18300.0 3
18400.0 3
18500.0 3
18600.0 3
18700.0 3
18800.0 3
18900.0 3
19000.0 3
19100.0 3
19200.0 3
19300.0 3
19400.0 3
19500.0 3
19600.0 3
19700.0 3
19800.0 3
19900.0 3
20000.0 3
20100.0 3
20200.0 3
20300.0 4
20400.0 4
20500.0 4
20600.0 4
20700.0 4
20800.0 4
20900.0 4
21000.0 4
21100.0 6
21200.0 6
21300.0 6
21400.0 8
21500.0 8
21600.0 8
21700.0 8
21800.0 8
21900.0 8
22000.0 8
22100.0 8
22200.0 8
22300.0 8
22400.0 8
22500.0 8
22600.0 8
22700.0 8
22800.0 8
22900.0 8
23000.0 7
23100.0 7
23200.0 6
23300.0 6
23400.0 6
23500.0 6
23600.0 6
23700.0 6
23800.0 6
23900.0 6
24000.0 6
24100.0 7
24200.0 7
24300.0 8
24400.0 8
24500.0 8
24600.0 8
24700.0 8
24800.0 8
24900.0 8
25000.0 8
25100.0 8
25200.0 8
25300.0 8
25400.0 8
25500.0 8
25600.0 8
25700.0 8
25800.0 8
25900.0 8
26000.0 8
26100.0 8
26200.0 8
26300.0 8
26400.0 8
26500.0 8
26600.0 8
26700.0 8
26800.0 8
26900.0 8
27000.0 8
27100.0 8
27200.0 8
27300.0 8
27400.0 8
27500.0 8
27600.0 8
27700.0 8
27800.0 8
27900.0 8
28000.0 8
28100.0 8
28200.0 8
28300.0 8
28400.0 8
28500.0 7
28600.0 7
28700.0 6
28800.0 6
28900.0 6
29000.0 6
29100.0 6
29200.0 6
29300.0 6
29400.0 6
29500.0 6
29600.0 6
29700.0 6
29800.0 6
29900.0 6
30000.0 6
30100.0 6
30200.0 5
30300.0 5
30400.0 5
30500.0 5
30600.0 5
30700.0 5
30800.0 5
30900.0 5
31000.0 5
31100.0 5
31200.0 5
31300.0 6
31400.0 5
31500.0 5
31600.0 4
31700.0 4
31800.0 4
31900.0 4
32000.0 4
32100.0 4
32200.0 4
32300.0 5
32400.0 5
32500.0 5
32600.0 5
32700.0 5
32800.0 5
32900.0 5
33000.0 5
33100.0 6
33200.0 6
33300.0 6
33400.0 6
33500.0 6
33600.0 6
33700.0 6
33800.0 6
33900.0 6
34000.0 6
34100.0 6
34200.0 6
34300.0 6
34400.0 6
34500.0 6
34600.0 6
34700.0 6
34800.0 6
34900.0 5
35000.0 5
35100.0 5
35200.0 5
35300.0 5
35400.0 5
35500.0 5
35600.0 5
35700.0 4
35800.0 4
35900.0 4
36000.0 3
36100.0 3
36200.0 3
36300.0 3
36400.0 3
36500.0 3
36600.0 3
36700.0 3
36800.0 3
36900.0 3
37000.0 3
37100.0 3
37200.0 3
37300.0 3
37400.0 3
37500.0 3
37600.0 3
37700.0 3
37800.0 3
37900.0 3
38000.0 3
38100.0 3
38200.0 3
38300.0 3
38400.0 3
38500.0 3
38600.0 2
38700.0 2
38800.0 2
38900.0 2
39000.0 2
39100.0 2
39200.0 2
39300.0 2
39400.0 2
39500.0 2
39600.0 2
39700.0 1
39800.0 1
39900.0 1
40000.0 1
40100.0 1
40200.0 1
40300.0 1
40400.0 0
40500.0 0
40600.0 0
40700.0 0
40800.0 0
40900.0 0
41000.0 0
41100.0 0
41200.0 0
41300.0 0
41400.0 0
41500.0 0
41600.0 0
41700.0 0
41800.0 0
41900.0 0
42000.0 0
42100.0 0
42300.0 0
42500.0 0
42600.0 0
42800.0 0
42900.0 0
43300.0 0
43600.0 0
43800.0 0
43900.0 0
44100.0 0
