0.0 0
100.0 0
200.0 0
300.0 0
400.0 4
500.0 10
600.0 13
700.0 14
800.0 14
900.0 14
1000.0 16
1100.0 17
1200.0 17
1300.0 17
1400.0 17
1500.0 17
1600.0 17
1700.0 17
1800.0 17
1900.0 17
2000.0 17
2100.0 17
2200.0 17
2300.0 17
2400.0 17
2500.0 17
2600.0 17
2700.0 18
2800.0 18
2900.0 18
3000.0 17
3100.0 17
3200.0 17
3300.0 17
3400.0 17
3500.0 17
3600.0 17
3700.0 17
3800.0 17
3900.0 17
4000.0 17
4100.0 17
4200.0 17
4300.0 17
4400.0 17
4500.0 17
4600.0 17
4700.0 17
4800.0 17
4900.0 17
5000.0 17
5100.0 17
5200.0 17
5300.0 17
5400.0 17
5500.0 17
5600.0 17
5700.0 17
5800.0 17
5900.0 17
6000.0 17
6100.0 17
6200.0 17
6300.0 17
6400.0 17
6500.0 17
6600.0 17
6700.0 17
6800.0 17
6900.0 17
7000.0 17
7100.0 18
7200.0 17
7300.0 17
7400.0 17
7500.0 17
7600.0 17
7700.0 16
7800.0 11
7900.0 5
8000.0 5
8100.0 4
8200.0 5
8300.0 5
8400.0 4
8500.0 3
8600.0 3
8700.0 3
8800.0 4
8900.0 4
9000.0 4
9100.0 4
9200.0 5
9300.0 5
9400.0 7
9500.0 7
9600.0 7
9700.0 8
9800.0 7
9900.0 7
10000.0 7
10100.0 8
10200.0 8
10300.0 9
10400.0 9
10500.0 9
10600.0 9
10700.0 9
10800.0 9
10900.0 9
11000.0 9
11100.0 9
11200.0 9
11300.0 9
11400.0 9
11500.0 9
11600.0 9
11700.0 10
11800.0 9
11900.0 9
12000.0 9
12100.0 9
12200.0 9
12300.0 9
12400.0 9
12500.0 9
12600.0 9
12700.0 9
12800.0 9
12900.0 9
13000.0 9
13100.0 9
13200.0 9
13300.0 9
13400.0 9
13500.0 9
13600.0 9
13700.0 9
13800.0 9
13900.0 9
14000.0 9
14100.0 9
14200.0 9
14300.0 9
14400.0 9
14500.0 9
14600.0 9
14700.0 9
14800.0 9
14900.0 9
15000.0 9
15100.0 8
15200.0 8
15300.0 8
15400.0 8
15500.0 7
15600.0 7
15700.0 7
15800.0 7
15900.0 7
16000.0 7
16100.0 7
16200.0 6
16300.0 7
16400.0 6
16500.0 6
16600.0 5
16700.0 4
16800.0 4
16900.0 4
17000.0 4
17100.0 5
17200.0 4
17300.0 4
17400.0 3
17500.0 3
17600.0 2
17700.0 2
17800.0 2
17900.0 2
18000.0 2
18100.0 2
18200.0 2
18300.0 2
18400.0 2
18500.0 2
18600.0 2
18700.0 2
18800.0 2
18900.0 2
19000.0 2
19100.0 2
19200.0 2
19300.0 3
19400.0 3
19500.0 4
19600.0 4
19700.0 4
19800.0 4
19900.0 4
20000.0 4
20100.0 5
20200.0 5
20300.0 5
20400.0 5
20500.0 8
20600.0 8
20700.0 8
20800.0 8
20900.0 9
21000.0 8
21100.0 9
21200.0 9
21300.0 9
21400.0 9
21500.0 9
21600.0 9
21700.0 9
21800.0 9
21900.0 10
22000.0 10
22100.0 10
22200.0 10
22300.0 10
22400.0 10
22500.0 10
22600.0 10
22700.0 10
22800.0 10
22900.0 9
23000.0 9
23100.0 9
23200.0 9
23300.0 9
23400.0 9
23500.0 9
23600.0 9
23700.0 9
23800.0 9
23900.0 9
24000.0 9
24100.0 8
24200.0 9
24300.0 10
24400.0 9
24500.0 9
24600.0 10
24700.0 9
24800.0 9
24900.0 9
25000.0 9
25100.0 9
25200.0 9
25300.0 9
25400.0 9
25500.0 9
25600.0 9
25700.0 9
25800.0 9
25900.0 9
26000.0 9
26100.0 9
26200.0 9
26300.0 9
26400.0 9
26500.0 9
26600.0 9
26700.0 9
26800.0 9
26900.0 9
27000.0 9
27100.0 9
27200.0 9
27300.0 9
27400.0 9
27500.0 9
27600.0 9
27700.0 9
27800.0 8
27900.0 7
28000.0 7
28100.0 7
28200.0 7
28300.0 7
28400.0 7
28500.0 7
28600.0 7
28700.0 7
28800.0 8
28900.0 9
29000.0 9
29100.0 9
29200.0 8
29300.0 8
29400.0 9
29500.0 9
29600.0 9
29700.0 9
29800.0 9
29900.0 10
30000.0 10
30100.0 10
30200.0 10
30300.0 10
30400.0 10
30500.0 10
30600.0 10
30700.0 10
30800.0 10
30900.0 10
31000.0 10
31100.0 10
31200.0 10
31300.0 10
31400.0 11
31500.0 10
31600.0 10
31700.0 10
31800.0 10
31900.0 10
32000.0 10
32100.0 10
32200.0 10
32300.0 10
32400.0 11
32500.0 10
32600.0 10
32700.0 10
32800.0 10
32900.0 10
33000.0 10
33100.0 10
33200.0 10
33300.0 10
33400.0 10
33500.0 10
33600.0 10
33700.0 10
33800.0 9
33900.0 9
34000.0 9
34100.0 8
34200.0 8
34300.0 8
34400.0 8
34500.0 8
34600.0 8
34700.0 8
34800.0 8
34900.0 8
35000.0 7
35100.0 7
35200.0 7
35300.0 7
35400.0 7
35500.0 7
35600.0 7
35700.0 7
35800.0 6
35900.0 6
36000.0 6
36100.0 6
36200.0 4
36300.0 4
36400.0 4
36500.0 4
36600.0 5
36700.0 3
36800.0 3
36900.0 3
37000.0 3
37100.0 3
37200.0 2
37300.0 2
37400.0 2
37500.0 2
37600.0 2
37700.0 2
37800.0 2
37900.0 2
38000.0 2
38100.0 2
38200.0 2
38300.0 2
38400.0 2
38500.0 2
38600.0 2
38700.0 1
38800.0 1
38900.0 2
39000.0 1
39100.0 1
39200.0 1
39300.0 1
39400.0 1
39500.0 1
39600.0 1
39700.0 1
39800.0 1
39900.0 1
40000.0 1
40100.0 1
40200.0 1
40300.0 1
40400.0 1
40500.0 1
40600.0 1
40700.0 1
40800.0 1
40900.0 1
41000.0 1
41100.0 1
41200.0 1
41300.0 1
41400.0 1
41500.0 1
41600.0 1
41700.0 1
41800.0 1
41900.0 0
42000.0 0
42100.0 0
42200.0 0
42300.0 0
42400.0 0
42500.0 0
42600.0 0
42700.0 0
42800.0 0
42900.0 0
43000.0 0
43100.0 0
43200.0 0
43300.0 0
43400.0 0
43500.0 0
43600.0 0
43700.0 0
43800.0 0
43900.0 0
44000.0 0
44100.0 0
44200.0 0
44300.0 0
44400.0 0
44500.0 0
44600.0 0
44700.0 0
44800.0 0
44900.0 0
45000.0 0
45100.0 0
45200.0 0
45300.0 0
45400.0 0
45500.0 0
45600.0 0
45700.0 0
45800.0 0
45900.0 0
46000.0 0
46100.0 0
46200.0 0
46700.0 0
47000.0 0
