0.0 0
100.0 0
200.0 0
300.0 0
400.0 6
500.0 6
600.0 6
700.0 6
800.0 6
900.0 6
1000.0 6
1100.0 6
1200.0 7
1300.0 8
1400.0 9
1500.0 9
1600.0 9
1700.0 9
1800.0 9
1900.0 9
2000.0 9
2100.0 9
2200.0 9
2300.0 9
2400.0 9
2500.0 9
2600.0 9
2700.0 9
2800.0 9
2900.0 9
3000.0 9
3100.0 9
3200.0 9
3300.0 9
3400.0 9
3500.0 9
3600.0 9
3700.0 9
3800.0 9
3900.0 9
4000.0 9
4100.0 9
4200.0 9
4300.0 9
4400.0 9
4500.0 9
4600.0 9
4700.0 9
4800.0 9
4900.0 9
5000.0 9
5100.0 9
5200.0 9
5300.0 9
5400.0 9
5500.0 9
5600.0 9
5700.0 9
5800.0 9
5900.0 9
6000.0 9
6100.0 9
6200.0 9
6300.0 9
6400.0 9
6500.0 9
6600.0 9
6700.0 9
6800.0 9
6900.0 9
7000.0 9
7100.0 9
7200.0 9
7300.0 9
7400.0 9
7500.0 9
7600.0 9
7700.0 9
7800.0 9
7900.0 9
8000.0 9
8100.0 9
8200.0 9
8300.0 9
8400.0 9
8500.0 9
8600.0 9
8700.0 9
8800.0 9
8900.0 9
9000.0 9
9100.0 9
9200.0 9
9300.0 9
9400.0 9
9500.0 9
9600.0 9
9700.0 9
9800.0 9
9900.0 9
10000.0 9
10100.0 9
10200.0 9
10300.0 9
10400.0 9
10500.0 9
10600.0 9
10700.0 9
10800.0 9
10900.0 9
11000.0 9
11100.0 9
11200.0 9
11300.0 9
11400.0 9
11500.0 9
11600.0 9
11700.0 9
11800.0 9
11900.0 9
12000.0 9
12100.0 9
12200.0 9
12300.0 9
12400.0 9
12500.0 9
12600.0 9
12700.0 9
12800.0 9
12900.0 9
13000.0 9
13100.0 9
13200.0 9
13300.0 9
13400.0 9
13500.0 9
13600.0 9
13700.0 9
13800.0 9
13900.0 9
14000.0 9
14100.0 9
14200.0 9
14300.0 9
14400.0 9
14500.0 9
14600.0 9
14700.0 9
14800.0 9
14900.0 9
15000.0 4
15100.0 3
15200.0 3
15300.0 3
15400.0 3
15500.0 3
15600.0 3
15700.0 3
15800.0 2
15900.0 2
16000.0 1
16100.0 1
16200.0 1
16300.0 1
16400.0 1
16500.0 1
16600.0 1
16700.0 1
16800.0 1
16900.0 1
17000.0 1
17100.0 1
17200.0 1
17300.0 1
17400.0 1
17500.0 1
17600.0 1
17700.0 1
17800.0 1
17900.0 1
18000.0 1
18100.0 1
18200.0 1
18300.0 1
18400.0 1
18500.0 1
18600.0 1
18700.0 1
18800.0 1
18900.0 1
19000.0 1
19100.0 1
19200.0 1
19300.0 1
19400.0 1
19500.0 1
19600.0 1
19700.0 1
19800.0 2
19900.0 2
20000.0 3
20100.0 7
20200.0 8
20300.0 9
20400.0 9
20500.0 9
20600.0 9
20700.0 9
20800.0 9
20900.0 9
21000.0 9
21100.0 9
21200.0 9
21300.0 9
21400.0 9
21500.0 9
21600.0 9
21700.0 9
21800.0 9
21900.0 9
22000.0 9
22100.0 9
22200.0 9
22300.0 9
22400.0 9
22500.0 9
22600.0 9
22700.0 9
22800.0 9
22900.0 9
23000.0 9
23100.0 9
23200.0 9
23300.0 9
23400.0 9
23500.0 9
23600.0 9
23700.0 9
23800.0 9
23900.0 9
24000.0 9
24100.0 9
24200.0 9
24300.0 9
24400.0 9
24500.0 9
24600.0 9
24700.0 9
24800.0 9
24900.0 9
25000.0 9
25100.0 9
25200.0 9
25300.0 9
25400.0 9
25500.0 9
25600.0 9
25700.0 9
25800.0 9
25900.0 9
26000.0 9
26100.0 9
26200.0 9
26300.0 9
26400.0 10
26500.0 10
26600.0 10
26700.0 10
26800.0 10
26900.0 10
27000.0 10
27100.0 10
27200.0 10
27300.0 10
27400.0 10
27500.0 10
27600.0 10
27700.0 10
27800.0 10
27900.0 10
28000.0 10
28100.0 10
28200.0 10
28300.0 10
28400.0 10
28500.0 10
28600.0 10
28700.0 10
28800.0 10
28900.0 10
29000.0 10
29100.0 10
29200.0 10
29300.0 10
29400.0 10
29500.0 10
29600.0 10
29700.0 10
29800.0 10
29900.0 10
30000.0 10
30100.0 10
30200.0 10
30300.0 10
30400.0 10
30500.0 10
30600.0 10
30700.0 10
30800.0 10
30900.0 10
31000.0 10
31100.0 10
31200.0 10
31300.0 10
31400.0 10
31500.0 10
31600.0 10
31700.0 10
31800.0 10
31900.0 10
32000.0 10
32100.0 10
32200.0 10
32300.0 10
32400.0 10
32500.0 10
32600.0 10
32700.0 10
32800.0 10
32900.0 10
33000.0 10
33100.0 10
33200.0 10
33300.0 10
33400.0 10
33500.0 10
33600.0 10
33700.0 10
33800.0 10
33900.0 10
34000.0 10
34100.0 10
34200.0 10
34300.0 10
34400.0 10
34500.0 10
34600.0 10
34700.0 10
34800.0 10
34900.0 10
35000.0 10
35100.0 10
35200.0 10
35300.0 10
35400.0 10
35500.0 10
35600.0 10
35700.0 10
35800.0 10
35900.0 10
36000.0 10
36100.0 10
36200.0 10
36300.0 10
36400.0 10
36500.0 10
36600.0 10
36700.0 10
36800.0 10
36900.0 10
37000.0 10
37100.0 10
37200.0 10
37300.0 10
37400.0 10
37500.0 9
37600.0 9
37700.0 9
37800.0 9
37900.0 9
38000.0 8
38100.0 7
38200.0 6
38300.0 3
38400.0 2
38500.0 2
38600.0 2
38700.0 2
38800.0 2
38900.0 2
39000.0 2
39100.0 2
39200.0 2
39300.0 2
39400.0 1
39500.0 1
39600.0 1
39700.0 1
39800.0 1
39900.0 1
40000.0 1
40100.0 1
40200.0 1
40300.0 1
40400.0 1
40500.0 1
40600.0 1
40700.0 1
40800.0 1
40900.0 1
41000.0 1
41100.0 1
41200.0 1
41300.0 1
41400.0 1
41500.0 1
41600.0 1
41700.0 1
41800.0 1
41900.0 1
42000.0 1
42100.0 1
42200.0 1
42300.0 1
42400.0 1
42500.0 1
42900.0 1
43000.0 1
43200.0 1
43400.0 1
43500.0 1
44100.0 1
44300.0 1
