0.0 0
100.0 0
200.0 0
300.0 3
400.0 16
500.0 9
600.0 2
700.0 17
800.0 12
900.0 13
1000.0 0
1100.0 16
1200.0 15
1300.0 17
1400.0 14
1500.0 1
1600.0 21
1700.0 21
1800.0 13
1900.0 2
2000.0 7
2100.0 17
2200.0 21
2300.0 11
2400.0 4
2500.0 8
2600.0 11
2700.0 0
2800.0 3
2900.0 22
3000.0 18
3100.0 10
3200.0 5
3300.0 6
3400.0 8
3500.0 4
3600.0 22
3700.0 0
3800.0 10
3900.0 3
4000.0 22
4100.0 4
4200.0 17
4300.0 12
4400.0 1
4500.0 10
4600.0 9
4700.0 20
4800.0 21
4900.0 22
5000.0 14
5100.0 0
5200.0 21
5300.0 5
5400.0 6
5500.0 17
5600.0 9
5700.0 1
5800.0 15
5900.0 22
6000.0 17
6100.0 2
6200.0 18
6300.0 9
6400.0 21
6500.0 3
6600.0 22
6700.0 3
6800.0 4
6900.0 21
7000.0 14
7100.0 13
7200.0 16
7300.0 15
7400.0 1
7500.0 11
7600.0 1
7700.0 16
7800.0 7
7900.0 0
8000.0 4
8100.0 4
8200.0 5
8300.0 3
8400.0 7
8500.0 4
8600.0 3
8700.0 3
8800.0 6
8900.0 9
9000.0 9
9100.0 10
9200.0 2
9300.0 8
9400.0 3
9500.0 9
9600.0 0
9700.0 8
9800.0 6
9900.0 7
10000.0 6
10100.0 11
10200.0 3
10300.0 10
10400.0 3
10500.0 12
10600.0 8
10700.0 3
10800.0 7
10900.0 1
11000.0 11
11100.0 9
11200.0 5
11300.0 5
11400.0 9
11500.0 2
11600.0 0
11700.0 11
11800.0 3
11900.0 3
12000.0 13
12100.0 8
12200.0 4
12300.0 11
12400.0 8
12500.0 11
12600.0 11
12700.0 3
12800.0 8
12900.0 10
13000.0 9
13100.0 14
13200.0 2
13300.0 0
13400.0 11
13500.0 10
13600.0 8
13700.0 6
13800.0 11
13900.0 12
14000.0 4
14100.0 9
14200.0 1
14300.0 5
14400.0 4
14500.0 4
14600.0 2
14700.0 9
14800.0 14
14900.0 9
15000.0 4
15100.0 6
15200.0 8
15300.0 6
15400.0 11
15500.0 9
15600.0 1
15700.0 8
15800.0 2
15900.0 5
16000.0 6
16100.0 1
16200.0 4
16300.0 0
16400.0 3
16500.0 3
16600.0 0
16700.0 1
16800.0 0
16900.0 4
17000.0 4
17100.0 0
17200.0 3
17300.0 2
17400.0 0
17500.0 2
17600.0 2
17700.0 3
17800.0 0
17900.0 0
18000.0 0
18100.0 2
18200.0 2
18300.0 2
18400.0 1
18500.0 0
18600.0 2
18700.0 1
18800.0 2
18900.0 2
19000.0 1
19100.0 0
19200.0 1
19300.0 0
19400.0 1
19500.0 0
19600.0 1
19700.0 0
19800.0 2
19900.0 0
20000.0 1
20100.0 2
20200.0 1
20300.0 1
20400.0 0
20500.0 2
20600.0 1
20700.0 3
20800.0 1
20900.0 3
21000.0 5
21100.0 0
21200.0 0
21300.0 3
21400.0 6
21500.0 7
21600.0 0
21700.0 1
21800.0 8
21900.0 4
22000.0 2
22100.0 3
22200.0 3
22300.0 8
22400.0 0
22500.0 8
22600.0 7
22700.0 0
22800.0 0
22900.0 2
23000.0 3
23100.0 5
23200.0 5
23300.0 7
23400.0 4
23500.0 6
23600.0 6
23700.0 4
23800.0 3
23900.0 8
24000.0 2
24100.0 4
24200.0 0
24300.0 0
24400.0 7
24500.0 0
24600.0 4
24700.0 4
24800.0 2
24900.0 2
25000.0 8
25100.0 1
25200.0 2
25300.0 5
25400.0 3
25500.0 7
25600.0 0
25700.0 2
25800.0 4
25900.0 6
26000.0 6
26100.0 0
26200.0 1
26300.0 9
26400.0 1
26500.0 5
26600.0 7
26700.0 2
26800.0 4
26900.0 8
27000.0 5
27100.0 0
27200.0 1
27300.0 0
27400.0 5
27500.0 4
27600.0 5
27700.0 0
27800.0 2
27900.0 2
28000.0 3
28100.0 8
28200.0 6
28300.0 1
28400.0 5
28500.0 7
28600.0 3
28700.0 10
28800.0 10
28900.0 0
29000.0 5
29100.0 5
29200.0 8
29300.0 2
29400.0 1
29500.0 8
29600.0 1
29700.0 2
29800.0 8
29900.0 8
30000.0 3
30100.0 0
30200.0 9
30300.0 6
30400.0 4
30500.0 4
30600.0 5
30700.0 4
30800.0 3
30900.0 2
31000.0 3
31100.0 1
31200.0 5
31300.0 3
31400.0 1
31500.0 2
31600.0 0
31700.0 1
31800.0 2
31900.0 5
32000.0 4
32100.0 4
32200.0 6
32300.0 1
32400.0 3
32500.0 6
32600.0 1
32700.0 3
32800.0 6
32900.0 3
33000.0 2
33100.0 5
33200.0 0
33300.0 4
33400.0 1
33500.0 4
33600.0 3
33700.0 2
33800.0 4
33900.0 5
34000.0 5
34100.0 4
34200.0 4
34300.0 6
34400.0 1
34500.0 5
34600.0 0
34700.0 1
34800.0 3
34900.0 0
35000.0 4
35100.0 5
35200.0 7
35300.0 6
35400.0 3
35500.0 1
35600.0 1
35700.0 2
35800.0 3
35900.0 4
36000.0 0
36100.0 0
36200.0 2
36300.0 0
36400.0 3
36500.0 0
36600.0 2
36700.0 3
36800.0 0
36900.0 0
37000.0 3
37100.0 3
37200.0 3
37300.0 1
37400.0 0
37500.0 3
37600.0 1
37700.0 1
37800.0 1
37900.0 1
38000.0 0
38100.0 0
38200.0 1
38300.0 2
38400.0 2
38500.0 1
38600.0 0
38700.0 1
38800.0 3
38900.0 2
39000.0 2
39100.0 0
39200.0 2
39300.0 2
39400.0 1
39500.0 0
39600.0 0
39700.0 1
39800.0 4
39900.0 4
40000.0 0
40100.0 2
40200.0 0
40300.0 2
40400.0 0
40500.0 2
40600.0 1
40700.0 3
40800.0 1
40900.0 2
41000.0 2
41100.0 1
41200.0 2
41300.0 1
41400.0 0
41500.0 1
41600.0 1
41700.0 2
41800.0 3
41900.0 2
42000.0 1
42100.0 0
42200.0 2
42300.0 0
42400.0 2
42500.0 1
42600.0 0
42700.0 2
42800.0 2
42900.0 1
43000.0 0
43100.0 1
43200.0 0
43300.0 1
43400.0 1
43500.0 1
43600.0 1
43700.0 1
43800.0 0
43900.0 1
44000.0 1
44100.0 0
44200.0 1
44300.0 0
44400.0 1
44500.0 1
44600.0 0
44700.0 0
44800.0 1
44900.0 0
45000.0 0
45100.0 0
45200.0 0
45300.0 0
45400.0 0
45500.0 0
45600.0 0
45700.0 0
45800.0 0
46200.0 0
