0.0 0
100.0 0
200.0 0
300.0 0
400.0 0
500.0 2
600.0 5
700.0 5
800.0 5
900.0 5
1000.0 5
1100.0 5
1200.0 5
1300.0 5
1400.0 5
1500.0 5
1600.0 5
1700.0 5
1800.0 5
1900.0 5
2000.0 5
2100.0 5
2200.0 5
2300.0 5
2400.0 5
2500.0 5
2600.0 5
2700.0 5
2800.0 5
2900.0 5
3000.0 5
3100.0 5
3200.0 5
3300.0 5
3400.0 5
3500.0 5
3600.0 5
3700.0 5
3800.0 5
3900.0 5
4000.0 5
4100.0 5
4200.0 5
4300.0 5
4400.0 5
4500.0 5
4600.0 5
4700.0 5
4800.0 5
4900.0 5
5000.0 5
5100.0 5
5200.0 6
5300.0 6
5400.0 6
5500.0 6
5600.0 6
5700.0 6
5800.0 6
5900.0 6
6000.0 6
6100.0 6
6200.0 6
6300.0 6
6400.0 6
6500.0 6
6600.0 6
6700.0 6
6800.0 6
6900.0 6
7000.0 6
7100.0 6
7200.0 6
7300.0 6
7400.0 6
7500.0 6
7600.0 6
7700.0 6
7800.0 6
7900.0 6
8000.0 6
8100.0 6
8200.0 6
8300.0 6
8400.0 6
8500.0 6
8600.0 6
8700.0 6
8800.0 6
8900.0 6
9000.0 6
9100.0 6
9200.0 6
9300.0 6
9400.0 6
9500.0 6
9600.0 6
9700.0 6
9800.0 6
9900.0 6
10000.0 6
10100.0 6
10200.0 6
10300.0 6
10400.0 6
10500.0 6
10600.0 6
10700.0 6
10800.0 6
10900.0 6
11000.0 6
11100.0 6
11200.0 6
11300.0 6
11400.0 6
11500.0 6
11600.0 6
11700.0 6
11800.0 6
11900.0 6
12000.0 6
12100.0 6
12200.0 6
12300.0 6
12400.0 6
12500.0 6
12600.0 6
12700.0 6
12800.0 6
12900.0 6
13000.0 6
13100.0 6
13200.0 6
13300.0 6
13400.0 6
13500.0 6
13600.0 6
13700.0 6
13800.0 6
13900.0 6
14000.0 6
14100.0 6
14200.0 6
14300.0 6
14400.0 6
14500.0 6
14600.0 6
14700.0 6
14800.0 6
14900.0 6
15000.0 5
15100.0 2
15200.0 1
15300.0 1
15400.0 1
15500.0 1
15600.0 1
15700.0 1
15800.0 1
15900.0 1
16000.0 1
16100.0 1
16200.0 1
16300.0 1
16400.0 1
16500.0 1
16600.0 1
16700.0 1
16800.0 1
16900.0 1
17000.0 1
17100.0 1
17200.0 1
17300.0 1
17400.0 1
17500.0 1
17600.0 1
17700.0 1
17800.0 1
17900.0 1
18000.0 1
18100.0 1
18200.0 1
18300.0 0
18400.0 1
18500.0 1
18600.0 1
18700.0 1
18800.0 1
18900.0 1
19000.0 1
19100.0 1
19200.0 1
19300.0 1
19400.0 1
19500.0 1
19600.0 1
19700.0 1
19800.0 1
19900.0 1
20000.0 0
20100.0 0
20200.0 2
20300.0 2
20400.0 2
20500.0 2
20600.0 2
20700.0 2
20800.0 3
20900.0 5
21000.0 5
21100.0 5
21200.0 5
21300.0 5
21400.0 5
21500.0 5
21600.0 5
21700.0 5
21800.0 5
21900.0 5
22000.0 5
22100.0 5
22200.0 5
22300.0 5
22400.0 5
22500.0 5
22600.0 5
22700.0 5
22800.0 5
22900.0 5
23000.0 5
23100.0 5
23200.0 5
23300.0 5
23400.0 5
23500.0 5
23600.0 5
23700.0 5
23800.0 5
23900.0 5
24000.0 5
24100.0 5
24200.0 5
24300.0 5
24400.0 5
24500.0 5
24600.0 5
24700.0 5
24800.0 5
24900.0 5
25000.0 5
25100.0 5
25200.0 5
25300.0 5
25400.0 5
25500.0 5
25600.0 5
25700.0 5
25800.0 5
25900.0 5
26000.0 5
26100.0 5
26200.0 5
26300.0 5
26400.0 6
26500.0 6
26600.0 6
26700.0 6
26800.0 6
26900.0 6
27000.0 6
27100.0 6
27200.0 6
27300.0 6
27400.0 6
27500.0 6
27600.0 6
27700.0 6
27800.0 6
27900.0 6
28000.0 6
28100.0 6
28200.0 6
28300.0 6
28400.0 6
28500.0 6
28600.0 6
28700.0 6
28800.0 6
28900.0 6
29000.0 6
29100.0 6
29200.0 6
29300.0 6
29400.0 6
29500.0 6
29600.0 6
29700.0 6
29800.0 6
29900.0 6
30000.0 6
30100.0 6
30200.0 6
30300.0 6
30400.0 6
30500.0 6
30600.0 6
30700.0 6
30800.0 6
30900.0 6
31000.0 6
31100.0 6
31200.0 6
31300.0 6
31400.0 6
31500.0 6
31600.0 6
31700.0 6
31800.0 6
31900.0 6
32000.0 6
32100.0 6
32200.0 6
32300.0 6
32400.0 6
32500.0 6
32600.0 6
32700.0 6
32800.0 6
32900.0 6
33000.0 6
33100.0 6
33200.0 6
33300.0 6
33400.0 6
33500.0 6
33600.0 6
33700.0 6
33800.0 6
33900.0 6
34000.0 6
34100.0 6
34200.0 6
34300.0 6
34400.0 6
34500.0 6
34600.0 6
34700.0 6
34800.0 6
34900.0 6
35000.0 6
35100.0 6
35200.0 6
35300.0 6
35400.0 6
35500.0 6
35600.0 6
35700.0 6
35800.0 6
35900.0 6
36000.0 6
36100.0 6
36200.0 6
36300.0 6
36400.0 6
36500.0 6
36600.0 6
36700.0 6
36800.0 6
36900.0 6
37000.0 6
37100.0 6
37200.0 6
37300.0 6
37400.0 6
37500.0 6
37600.0 6
37700.0 6
37800.0 6
37900.0 6
38000.0 6
38100.0 5
38200.0 5
38300.0 5
38400.0 4
38500.0 4
38600.0 4
38700.0 4
38800.0 3
38900.0 2
39000.0 2
39100.0 1
39200.0 1
39300.0 1
39400.0 1
39500.0 1
39600.0 1
39700.0 1
39800.0 1
39900.0 1
40000.0 1
40100.0 1
40200.0 1
40300.0 1
40400.0 1
40500.0 1
40600.0 1
40700.0 1
40800.0 1
40900.0 1
41000.0 1
41100.0 1
41200.0 1
41300.0 1
41400.0 1
41500.0 1
41600.0 1
41700.0 1
41800.0 1
41900.0 1
42000.0 1
42100.0 1
42200.0 1
42300.0 1
42400.0 1
42500.0 1
42600.0 1
42700.0 1
42800.0 1
42900.0 1
43000.0 1
43100.0 1
43200.0 1
43300.0 1
