0.0 0
100.0 0
200.0 0
300.0 0
400.0 1
500.0 4
600.0 4
700.0 4
800.0 4
900.0 4
1000.0 5
1100.0 5
1200.0 5
1300.0 5
1400.0 5
1500.0 5
1600.0 5
1700.0 5
1800.0 5
1900.0 5
2000.0 5
2100.0 5
2200.0 5
2300.0 5
2400.0 5
2500.0 5
2600.0 5
2700.0 5
2800.0 5
2900.0 5
3000.0 5
3100.0 5
3200.0 5
3300.0 5
3400.0 5
3500.0 5
3600.0 5
3700.0 5
3800.0 5
3900.0 5
4000.0 5
4100.0 5
4200.0 5
4300.0 5
4400.0 5
4500.0 5
4600.0 5
4700.0 5
4800.0 5
4900.0 5
5000.0 5
5100.0 5
5200.0 5
5300.0 5
5400.0 5
5500.0 5
5600.0 5
5700.0 5
5800.0 5
5900.0 5
6000.0 5
6100.0 5
6200.0 5
6300.0 5
6400.0 5
6500.0 5
6600.0 5
6700.0 5
6800.0 5
6900.0 5
7000.0 5
7100.0 5
7200.0 5
7300.0 5
7400.0 5
7500.0 5
7600.0 5
7700.0 5
7800.0 5
7900.0 5
8000.0 5
8100.0 5
8200.0 5
8300.0 5
8400.0 5
8500.0 5
8600.0 5
8700.0 5
8800.0 5
8900.0 5
9000.0 5
9100.0 5
9200.0 5
9300.0 5
9400.0 5
9500.0 5
9600.0 5
9700.0 5
9800.0 5
9900.0 5
10000.0 5
10100.0 4
10200.0 5
10300.0 5
10400.0 5
10500.0 5
10600.0 5
10700.0 5
10800.0 5
10900.0 5
11000.0 5
11100.0 5
11200.0 5
11300.0 5
11400.0 5
11500.0 5
11600.0 5
11700.0 5
11800.0 5
11900.0 5
12000.0 5
12100.0 5
12200.0 5
12300.0 5
12400.0 5
12500.0 5
12600.0 5
12700.0 5
12800.0 5
12900.0 5
13000.0 5
13100.0 5
13200.0 5
13300.0 5
13400.0 5
13500.0 5
13600.0 5
13700.0 5
13800.0 5
13900.0 5
14000.0 5
14100.0 5
14200.0 5
14300.0 5
14400.0 5
14500.0 5
14600.0 5
14700.0 5
14800.0 5
14900.0 5
15000.0 2
15100.0 1
15200.0 1
15300.0 1
15400.0 1
15500.0 1
15600.0 1
15700.0 1
15800.0 1
15900.0 1
16000.0 1
16100.0 1
16200.0 1
16300.0 1
16400.0 1
16500.0 1
16600.0 1
16700.0 1
16800.0 1
16900.0 1
17000.0 1
17100.0 1
17200.0 1
17300.0 1
17400.0 1
17500.0 1
17600.0 1
17700.0 1
17800.0 1
17900.0 1
18000.0 1
18100.0 1
18200.0 1
18300.0 1
18400.0 1
18500.0 1
18600.0 1
18700.0 1
18800.0 1
18900.0 1
19000.0 1
19100.0 1
19200.0 1
19300.0 1
19400.0 1
19500.0 1
19600.0 1
19700.0 1
19800.0 1
19900.0 1
20000.0 1
20100.0 1
20200.0 2
20300.0 2
20400.0 3
20500.0 3
20600.0 3
20700.0 3
20800.0 3
20900.0 3
21000.0 3
21100.0 3
21200.0 3
21300.0 3
21400.0 3
21500.0 3
21600.0 3
21700.0 4
21800.0 4
21900.0 4
22000.0 4
22100.0 4
22200.0 4
22300.0 4
22400.0 4
22500.0 4
22600.0 4
22700.0 4
22800.0 4
22900.0 4
23000.0 4
23100.0 4
23200.0 4
23300.0 4
23400.0 4
23500.0 4
23600.0 4
23700.0 4
23800.0 4
23900.0 4
24000.0 4
24100.0 4
24200.0 4
24300.0 4
24400.0 4
24500.0 4
24600.0 4
24700.0 4
24800.0 4
24900.0 4
25000.0 4
25100.0 4
25200.0 4
25300.0 4
25400.0 4
25500.0 4
25600.0 4
25700.0 4
25800.0 4
25900.0 4
26000.0 4
26100.0 4
26200.0 4
26300.0 4
26400.0 4
26500.0 4
26600.0 4
26700.0 4
26800.0 4
26900.0 4
27000.0 4
27100.0 4
27200.0 4
27300.0 4
27400.0 4
27500.0 4
27600.0 4
27700.0 4
27800.0 4
27900.0 4
28000.0 4
28100.0 4
28200.0 4
28300.0 4
28400.0 4
28500.0 4
28600.0 4
28700.0 4
28800.0 4
28900.0 4
29000.0 4
29100.0 4
29200.0 4
29300.0 4
29400.0 4
29500.0 4
29600.0 4
29700.0 4
29800.0 4
29900.0 4
30000.0 4
30100.0 4
30200.0 4
30300.0 4
30400.0 4
30500.0 4
30600.0 4
30700.0 4
30800.0 4
30900.0 4
31000.0 4
31100.0 4
31200.0 4
31300.0 4
31400.0 4
31500.0 3
31600.0 3
31700.0 4
31800.0 4
31900.0 4
32000.0 4
32100.0 4
32200.0 4
32300.0 4
32400.0 4
32500.0 4
32600.0 4
32700.0 4
32800.0 4
32900.0 4
33000.0 4
33100.0 4
33200.0 4
33300.0 4
33400.0 4
33500.0 4
33600.0 4
33700.0 4
33800.0 4
33900.0 4
34000.0 4
34100.0 4
34200.0 4
34300.0 4
34400.0 4
34500.0 4
34600.0 4
34700.0 4
34800.0 4
34900.0 4
35000.0 4
35100.0 4
35200.0 4
35300.0 4
35400.0 4
35500.0 4
35600.0 4
35700.0 4
35800.0 4
35900.0 4
36000.0 4
36100.0 4
36200.0 4
36300.0 4
36400.0 4
36500.0 4
36600.0 4
36700.0 4
36800.0 4
36900.0 4
37000.0 4
37100.0 4
37200.0 4
37300.0 4
37400.0 4
37500.0 4
37600.0 4
37700.0 3
37800.0 3
37900.0 3
38000.0 3
38100.0 3
38200.0 3
38300.0 3
38400.0 2
38500.0 2
38600.0 1
38700.0 1
38800.0 1
38900.0 1
39000.0 1
39100.0 1
39200.0 1
39300.0 1
39400.0 1
39500.0 1
39600.0 1
39700.0 1
39800.0 1
39900.0 1
40000.0 1
40100.0 1
40200.0 1
40300.0 1
40400.0 1
40500.0 1
40600.0 1
40700.0 1
40800.0 1
40900.0 1
41000.0 1
41100.0 1
41200.0 1
41300.0 1
41400.0 1
41500.0 1
41600.0 1
41700.0 1
41800.0 1
41900.0 1
42000.0 1
42100.0 1
42200.0 1
42300.0 1
42400.0 1
42500.0 1
42600.0 1
42700.0 1
42800.0 1
42900.0 1
43000.0 1
43100.0 1
43200.0 1
43300.0 1
45400.0 1
