0.0 0
100.0 0
200.0 0
300.0 0
400.0 0
500.0 0
600.0 2
700.0 3
800.0 3
900.0 4
1000.0 4
1100.0 4
1200.0 4
1300.0 4
1400.0 4
1500.0 4
1600.0 4
1700.0 4
1800.0 4
1900.0 4
2000.0 4
2100.0 4
2200.0 4
2300.0 4
2400.0 4
2500.0 4
2600.0 4
2700.0 4
2800.0 4
2900.0 4
3000.0 4
3100.0 4
3200.0 4
3300.0 4
3400.0 4
3500.0 4
3600.0 4
3700.0 4
3800.0 4
3900.0 4
4000.0 4
4100.0 4
4200.0 4
4300.0 4
4400.0 4
4500.0 4
4600.0 4
4700.0 4
4800.0 4
4900.0 4
5000.0 4
5100.0 4
5200.0 4
5300.0 4
5400.0 4
5500.0 4
5600.0 4
5700.0 4
5800.0 4
5900.0 4
6000.0 4
6100.0 4
6200.0 4
6300.0 4
6400.0 4
6500.0 4
6600.0 4
6700.0 4
6800.0 4
6900.0 4
7000.0 4
7100.0 4
7200.0 4
7300.0 4
7400.0 4
7500.0 4
7600.0 4
7700.0 4
7800.0 4
7900.0 1
8000.0 1
8100.0 1
8200.0 2
8300.0 3
8400.0 5
8500.0 5
8600.0 6
8700.0 6
8800.0 6
8900.0 6
9000.0 7
9100.0 9
9200.0 9
9300.0 9
9400.0 9
9500.0 9
9600.0 9
9700.0 9
9800.0 9
9900.0 9
10000.0 9
10100.0 9
10200.0 9
10300.0 9
10400.0 9
10500.0 9
10600.0 9
10700.0 9
10800.0 9
10900.0 9
11000.0 9
11100.0 9
11200.0 9
11300.0 9
11400.0 9
11500.0 9
11600.0 9
11700.0 9
11800.0 9
11900.0 9
12000.0 9
12100.0 9
12200.0 9
12300.0 9
12400.0 9
12500.0 9
12600.0 9
12700.0 9
12800.0 9
12900.0 9
13000.0 9
13100.0 9
13200.0 9
13300.0 9
13400.0 9
13500.0 9
13600.0 9
13700.0 9
13800.0 9
13900.0 9
14000.0 9
14100.0 9
14200.0 9
14300.0 9
14400.0 9
14500.0 9
14600.0 9
14700.0 9
14800.0 9
14900.0 9
15000.0 9
15100.0 9
15200.0 9
15300.0 9
15400.0 9
15500.0 9
15600.0 9
15700.0 7
15800.0 6
15900.0 5
16000.0 5
16100.0 5
16200.0 5
16300.0 5
16400.0 2
16500.0 2
16600.0 2
16700.0 2
16800.0 2
16900.0 2
17000.0 2
17100.0 2
17200.0 2
17300.0 2
17400.0 2
17500.0 2
17600.0 2
17700.0 2
17800.0 2
17900.0 2
18000.0 2
18100.0 2
18200.0 2
18300.0 2
18400.0 2
18500.0 2
18600.0 2
18700.0 2
18800.0 2
18900.0 2
19000.0 2
19100.0 2
19200.0 2
19300.0 2
19400.0 2
19500.0 2
19600.0 2
19700.0 2
19800.0 2
19900.0 2
20000.0 2
20100.0 2
20200.0 3
20300.0 3
20400.0 3
20500.0 3
20600.0 3
20700.0 3
20800.0 3
20900.0 6
21000.0 6
21100.0 6
21200.0 7
21300.0 7
21400.0 7
21500.0 7
21600.0 8
21700.0 8
21800.0 8
21900.0 8
22000.0 8
22100.0 8
22200.0 9
22300.0 9
22400.0 9
22500.0 9
22600.0 9
22700.0 9
22800.0 8
22900.0 7
23000.0 7
23100.0 7
23200.0 7
23300.0 7
23400.0 7
23500.0 7
23600.0 7
23700.0 7
23800.0 7
23900.0 7
24000.0 7
24100.0 7
24200.0 7
24300.0 7
24400.0 7
24500.0 7
24600.0 7
24700.0 7
24800.0 8
24900.0 8
25000.0 8
25100.0 8
25200.0 8
25300.0 8
25400.0 8
25500.0 8
25600.0 8
25700.0 8
25800.0 8
25900.0 8
26000.0 8
26100.0 8
26200.0 8
26300.0 8
26400.0 8
26500.0 8
26600.0 8
26700.0 8
26800.0 8
26900.0 8
27000.0 8
27100.0 8
27200.0 8
27300.0 8
27400.0 8
27500.0 8
27600.0 7
27700.0 7
27800.0 7
27900.0 7
28000.0 8
28100.0 8
28200.0 7
28300.0 5
28400.0 5
28500.0 4
28600.0 4
28700.0 4
28800.0 5
28900.0 5
29000.0 5
29100.0 5
29200.0 5
29300.0 5
29400.0 5
29500.0 5
29600.0 5
29700.0 5
29800.0 5
29900.0 5
30000.0 5
30100.0 5
30200.0 6
30300.0 6
30400.0 6
30500.0 6
30600.0 6
30700.0 6
30800.0 6
30900.0 6
31000.0 6
31100.0 7
31200.0 7
31300.0 8
31400.0 9
31500.0 9
31600.0 9
31700.0 9
31800.0 9
31900.0 9
32000.0 9
32100.0 8
32200.0 9
32300.0 9
32400.0 9
32500.0 9
32600.0 9
32700.0 9
32800.0 9
32900.0 9
33000.0 9
33100.0 9
33200.0 9
33300.0 9
33400.0 9
33500.0 9
33600.0 9
33700.0 9
33800.0 9
33900.0 9
34000.0 9
34100.0 9
34200.0 9
34300.0 9
34400.0 9
34500.0 9
34600.0 9
34700.0 9
34800.0 9
34900.0 9
35000.0 9
35100.0 9
35200.0 9
35300.0 8
35400.0 8
35500.0 8
35600.0 8
35700.0 8
35800.0 8
35900.0 8
36000.0 8
36100.0 7
36200.0 7
36300.0 7
36400.0 7
36500.0 7
36600.0 7
36700.0 7
36800.0 7
36900.0 7
37000.0 7
37100.0 7
37200.0 8
37300.0 8
37400.0 8
37500.0 8
37600.0 7
37700.0 7
37800.0 7
37900.0 7
38000.0 7
38100.0 7
38200.0 7
38300.0 7
38400.0 6
38500.0 6
38600.0 6
38700.0 4
38800.0 4
38900.0 4
39000.0 5
39100.0 5
39200.0 5
39300.0 5
39400.0 5
39500.0 4
39600.0 4
39700.0 4
39800.0 4
39900.0 4
40000.0 4
40100.0 4
40200.0 4
40300.0 4
40400.0 4
40500.0 3
40600.0 3
40700.0 3
40800.0 3
40900.0 3
41000.0 2
41100.0 2
41200.0 2
41300.0 2
41400.0 2
41500.0 2
41700.0 2
41900.0 2
42000.0 2
42100.0 2
42200.0 2
42300.0 2
42500.0 2
42900.0 1
43300.0 1
