0.0 0
100.0 0
200.0 0
300.0 0
400.0 0
500.0 0
600.0 0
700.0 1
800.0 1
900.0 1
1000.0 1
1100.0 1
1200.0 1
1300.0 1
1400.0 1
1500.0 1
1600.0 1
1700.0 2
1800.0 2
1900.0 1
2000.0 1
2100.0 1
2200.0 1
2300.0 1
2400.0 1
2500.0 1
2600.0 1
2700.0 1
2800.0 1
2900.0 1
3000.0 1
3100.0 1
3200.0 2
3300.0 2
3400.0 1
3500.0 1
3600.0 1
3700.0 1
3800.0 1
3900.0 1
4000.0 1
4100.0 1
4200.0 1
4300.0 1
4400.0 1
4500.0 1
4600.0 1
4700.0 2
4800.0 2
4900.0 1
5000.0 1
5100.0 1
5200.0 1
5300.0 1
5400.0 2
5500.0 2
5600.0 1
5700.0 1
5800.0 1
5900.0 1
6000.0 1
6100.0 1
6200.0 1
6300.0 1
6400.0 1
6500.0 1
6600.0 1
6700.0 2
6800.0 1
6900.0 1
7000.0 1
7100.0 1
7200.0 1
7300.0 1
7400.0 1
7500.0 1
7600.0 1
7700.0 1
7800.0 1
7900.0 1
8000.0 1
8100.0 1
8200.0 1
8300.0 1
8400.0 1
8500.0 1
8600.0 1
8700.0 1
8800.0 1
8900.0 1
9000.0 1
9100.0 1
9200.0 1
9300.0 1
9400.0 1
9500.0 1
9600.0 1
9700.0 1
9800.0 1
9900.0 1
10000.0 1
10100.0 1
10200.0 1
10300.0 1
10400.0 1
10500.0 1
10600.0 1
10700.0 1
10800.0 1
10900.0 2
11000.0 2
11100.0 1
11200.0 1
11300.0 1
11400.0 1
11500.0 1
11600.0 1
11700.0 1
11800.0 1
11900.0 1
12000.0 2
12100.0 2
12200.0 1
12300.0 1
12400.0 1
12500.0 1
12600.0 1
12700.0 1
12800.0 1
12900.0 1
13000.0 1
13100.0 1
13200.0 1
13300.0 1
13400.0 1
13500.0 1
13600.0 1
13700.0 1
13800.0 1
13900.0 1
14000.0 2
14100.0 2
14200.0 1
14300.0 1
14400.0 1
14500.0 1
14600.0 1
14700.0 1
14800.0 1
14900.0 1
15000.0 1
15100.0 1
15200.0 0
15300.0 0
15400.0 0
15500.0 0
15600.0 0
15700.0 0
15800.0 0
15900.0 0
16000.0 0
16100.0 0
16200.0 0
16300.0 0
16400.0 0
16500.0 0
16600.0 0
16700.0 0
16800.0 0
16900.0 0
17000.0 0
17100.0 0
17200.0 0
17300.0 0
17400.0 0
17500.0 0
17600.0 0
17700.0 0
17800.0 0
17900.0 0
18000.0 0
18100.0 0
18200.0 0
18300.0 0
18400.0 0
18500.0 0
18600.0 0
18700.0 0
18800.0 0
18900.0 0
19000.0 0
19100.0 0
19200.0 0
19300.0 0
19400.0 0
19500.0 0
19600.0 0
19700.0 0
19800.0 0
19900.0 0
20000.0 0
20100.0 0
20200.0 0
20300.0 0
20400.0 0
20500.0 0
20600.0 0
20700.0 0
20800.0 0
20900.0 0
21000.0 0
21100.0 1
21200.0 1
21300.0 1
21400.0 1
21500.0 1
21600.0 1
21700.0 1
21800.0 1
21900.0 1
22000.0 1
22100.0 1
22200.0 1
22300.0 1
22400.0 1
22500.0 1
22600.0 1
22700.0 1
22800.0 1
22900.0 1
23000.0 1
23100.0 1
23200.0 1
23300.0 1
23400.0 2
23500.0 2
23600.0 1
23700.0 1
23800.0 1
23900.0 1
24000.0 1
24100.0 1
24200.0 1
24300.0 1
24400.0 1
24500.0 1
24600.0 1
24700.0 1
24800.0 1
24900.0 1
25000.0 1
25100.0 1
25200.0 1
25300.0 1
25400.0 1
25500.0 1
25600.0 1
25700.0 1
25800.0 1
25900.0 1
26000.0 1
26100.0 1
26200.0 1
26300.0 1
26400.0 1
26500.0 1
26600.0 1
26700.0 1
26800.0 1
26900.0 1
27000.0 1
27100.0 1
27200.0 1
27300.0 1
27400.0 1
27500.0 1
27600.0 1
27700.0 1
27800.0 1
27900.0 1
28000.0 1
28100.0 1
28200.0 1
28300.0 1
28400.0 1
28500.0 1
28600.0 1
28700.0 1
28800.0 1
28900.0 1
29000.0 1
29100.0 1
29200.0 1
29300.0 1
29400.0 1
29500.0 1
29600.0 1
29700.0 1
29800.0 1
29900.0 1
30000.0 1
30100.0 1
30200.0 1
30300.0 1
30400.0 1
30500.0 1
30600.0 1
30700.0 1
30800.0 1
30900.0 1
31000.0 1
31100.0 1
31200.0 1
31300.0 1
31400.0 1
31500.0 1
31600.0 1
31700.0 1
31800.0 1
31900.0 1
32000.0 1
32100.0 1
32200.0 1
32300.0 1
32400.0 1
32500.0 1
32600.0 1
32700.0 1
32800.0 1
32900.0 1
33000.0 1
33100.0 1
33200.0 1
33300.0 1
33400.0 1
33500.0 1
33600.0 1
33700.0 1
33800.0 1
33900.0 1
34000.0 1
34100.0 1
34200.0 1
34300.0 1
34400.0 1
34500.0 1
34600.0 1
34700.0 1
34800.0 1
34900.0 1
35000.0 1
35100.0 1
35200.0 1
35300.0 1
35400.0 1
35500.0 1
35600.0 1
35700.0 1
35800.0 1
35900.0 1
36000.0 1
36100.0 1
36200.0 1
36300.0 1
36400.0 1
36500.0 1
36600.0 1
36700.0 1
36800.0 1
36900.0 1
37000.0 2
37100.0 2
37200.0 1
37300.0 1
37400.0 2
37500.0 2
37600.0 1
37700.0 1
37800.0 1
37900.0 1
38000.0 1
38100.0 1
38200.0 1
38300.0 1
38400.0 1
38500.0 1
38600.0 1
38700.0 1
38800.0 1
38900.0 1
39000.0 1
39100.0 1
39200.0 1
39300.0 0
39400.0 0
39500.0 0
39600.0 0
39700.0 0
39800.0 0
39900.0 1
40000.0 1
40100.0 0
40200.0 0
40300.0 0
40400.0 0
40500.0 0
40600.0 0
40700.0 0
40800.0 0
40900.0 0
41000.0 0
41100.0 1
41200.0 0
41300.0 0
41400.0 0
41500.0 0
41600.0 0
41700.0 0
41800.0 0
41900.0 0
42000.0 0
42100.0 0
42200.0 0
42300.0 0
42400.0 0
42500.0 0
42600.0 0
42700.0 0
42800.0 0
42900.0 0
43000.0 0
43100.0 0
43600.0 0
43900.0 0
44700.0 0
44900.0 0
