0.0 0
1.0 10
2.0 8
3.0 15
4.0 16
5.0 3
6.0 14
7.0 7
8.0 14
9.0 11
10.0 11
11.0 6
12.0 6
13.0 3
14.0 16
15.0 8
16.0 12
17.0 12
18.0 16
19.0 6
20.0 4
21.0 10
22.0 7
23.0 7
24.0 14
25.0 12
26.0 5
27.0 9
28.0 12
29.0 8
30.0 8
31.0 16
32.0 7
33.0 10
34.0 8
35.0 8
36.0 11
37.0 15
38.0 4
39.0 9
40.0 7
41.0 8
42.0 10
43.0 9
44.0 7
45.0 11
46.0 5
47.0 10
48.0 5
49.0 10
50.0 9
51.0 10
52.0 11
53.0 11
54.0 7
55.0 12
56.0 11
57.0 6
58.0 6
59.0 2
60.0 2
61.0 8
62.0 9
63.0 2
64.0 13
65.0 10
66.0 5
67.0 10
68.0 7
69.0 8
70.0 12
71.0 12
72.0 13
73.0 9
74.0 15
75.0 15
76.0 14
77.0 13
78.0 9
79.0 1
80.0 14
81.0 10
82.0 9
83.0 12
84.0 7
85.0 13
86.0 3
87.0 12
88.0 12
89.0 12
90.0 13
91.0 11
92.0 7
93.0 9
94.0 7
95.0 14
96.0 6
97.0 14
98.0 13
99.0 11
