0.0 0
100.0 0
200.0 2
300.0 0
400.0 0
500.0 3
600.0 2
700.0 2
800.0 2
900.0 1
1000.0 0
1100.0 1
1200.0 1
1300.0 0
1400.0 2
1500.0 1
1600.0 0
1700.0 1
1800.0 1
1900.0 0
2000.0 1
2100.0 0
2200.0 1
2300.0 0
2400.0 2
2500.0 1
2600.0 0
2700.0 2
2800.0 1
2900.0 1
3000.0 0
3100.0 1
3200.0 1
3300.0 0
3400.0 1
3500.0 0
3600.0 0
3700.0 0
3800.0 0
3900.0 2
4000.0 1
4100.0 0
4200.0 0
4300.0 0
4400.0 1
4500.0 1
4600.0 2
4700.0 1
4800.0 0
4900.0 1
5000.0 1
5100.0 0
5200.0 0
5300.0 1
5400.0 1
5500.0 1
5600.0 1
5700.0 1
5800.0 2
5900.0 1
6000.0 0
6100.0 2
6200.0 0
6300.0 0
6400.0 1
6500.0 0
6600.0 0
6700.0 1
6800.0 0
6900.0 1
7000.0 1
7100.0 0
7200.0 1
7300.0 0
7400.0 0
7500.0 2
7600.0 1
7700.0 1
7800.0 2
7900.0 1
8000.0 0
8100.0 0
8200.0 0
8300.0 3
8400.0 7
8500.0 1
8600.0 1
8700.0 2
8800.0 3
8900.0 1
9000.0 2
9100.0 7
9200.0 3
9300.0 1
9400.0 4
9500.0 4
9600.0 7
9700.0 5
9800.0 6
9900.0 1
10000.0 1
10100.0 6
10200.0 5
10300.0 2
10400.0 2
10500.0 2
10600.0 5
10700.0 0
10800.0 2
10900.0 2
11000.0 4
11100.0 1
11200.0 1
11300.0 6
11400.0 8
11500.0 8
11600.0 4
11700.0 7
11800.0 1
11900.0 6
12000.0 5
12100.0 3
12200.0 7
12300.0 1
12400.0 7
12500.0 6
12600.0 6
12700.0 4
12800.0 0
12900.0 4
13000.0 1
13100.0 1
13200.0 6
13300.0 6
13400.0 4
13500.0 3
13600.0 0
13700.0 1
13800.0 0
13900.0 7
14000.0 5
14100.0 6
14200.0 4
14300.0 0
14400.0 6
14500.0 5
14600.0 3
14700.0 4
14800.0 7
14900.0 6
15000.0 5
15100.0 2
15200.0 6
15300.0 3
15400.0 1
15500.0 0
15600.0 4
15700.0 4
15800.0 3
15900.0 0
16000.0 1
16100.0 6
16200.0 3
16300.0 4
16400.0 0
16500.0 3
16600.0 1
16700.0 2
16800.0 1
16900.0 2
17000.0 1
17100.0 2
17200.0 1
17300.0 2
17400.0 1
17500.0 2
17600.0 1
17700.0 2
17800.0 2
17900.0 0
18000.0 0
18100.0 1
18200.0 2
18300.0 3
18400.0 0
18500.0 1
18600.0 1
18700.0 1
18800.0 1
18900.0 0
19000.0 2
19100.0 1
19200.0 0
19300.0 0
19400.0 1
19500.0 2
19600.0 5
19700.0 2
19800.0 0
19900.0 1
20000.0 3
20100.0 1
20200.0 3
20300.0 2
20400.0 2
20500.0 0
20600.0 1
20700.0 0
20800.0 0
20900.0 4
21000.0 2
21100.0 2
21200.0 1
21300.0 6
21400.0 3
21500.0 2
21600.0 1
21700.0 1
21800.0 0
21900.0 4
22000.0 0
22100.0 2
22200.0 1
22300.0 0
22400.0 3
22500.0 2
22600.0 3
22700.0 1
22800.0 0
22900.0 1
23000.0 0
23100.0 1
23200.0 2
23300.0 1
23400.0 3
23500.0 1
23600.0 1
23700.0 1
23800.0 0
23900.0 0
24000.0 0
24100.0 0
24200.0 1
24300.0 2
24400.0 3
24500.0 0
24600.0 1
24700.0 1
24800.0 0
24900.0 2
25000.0 1
25100.0 1
25200.0 1
25300.0 1
25400.0 1
25500.0 1
25600.0 1
25700.0 0
25800.0 2
25900.0 1
26000.0 1
26100.0 1
26200.0 1
26300.0 0
26400.0 1
26500.0 0
26600.0 2
26700.0 2
26800.0 0
26900.0 1
27000.0 2
27100.0 0
27200.0 0
27300.0 0
27400.0 0
27500.0 0
27600.0 1
27700.0 1
27800.0 0
27900.0 0
28000.0 0
28100.0 2
28200.0 2
28300.0 0
28400.0 0
28500.0 0
28600.0 2
28700.0 2
28800.0 1
28900.0 2
29000.0 2
29100.0 4
29200.0 0
29300.0 0
29400.0 2
29500.0 0
29600.0 3
29700.0 3
29800.0 3
29900.0 3
30000.0 2
30100.0 4
30200.0 5
30300.0 4
30400.0 2
30500.0 0
30600.0 4
30700.0 4
30800.0 1
30900.0 1
31000.0 7
31100.0 1
31200.0 0
31300.0 5
31400.0 5
31500.0 0
31600.0 4
31700.0 0
31800.0 3
31900.0 2
32000.0 1
32100.0 2
32200.0 3
32300.0 6
32400.0 2
32500.0 8
32600.0 6
32700.0 6
32800.0 3
32900.0 6
33000.0 1
33100.0 5
33200.0 5
33300.0 9
33400.0 3
33500.0 1
33600.0 3
33700.0 3
33800.0 0
33900.0 2
34000.0 9
34100.0 5
34200.0 3
34300.0 6
34400.0 1
34500.0 4
34600.0 7
34700.0 6
34800.0 2
34900.0 1
35000.0 2
35100.0 3
35200.0 6
35300.0 3
35400.0 11
35500.0 3
35600.0 1
35700.0 0
35800.0 7
35900.0 6
36000.0 1
36100.0 3
36200.0 6
36300.0 4
36400.0 13
36500.0 7
36600.0 13
36700.0 1
36800.0 0
36900.0 9
37000.0 8
37100.0 0
37200.0 2
37300.0 4
37400.0 4
37500.0 4
37600.0 8
37700.0 8
37800.0 4
37900.0 4
38000.0 8
38100.0 7
38200.0 0
38300.0 2
38400.0 0
38500.0 1
38600.0 6
38700.0 10
38800.0 6
38900.0 3
39000.0 9
39100.0 7
39200.0 5
39300.0 6
39400.0 4
39500.0 9
39600.0 2
39700.0 6
39800.0 4
39900.0 8
40000.0 6
40100.0 7
40200.0 5
40300.0 0
40400.0 5
40500.0 2
40600.0 3
40700.0 6
40800.0 1
40900.0 0
41000.0 1
41100.0 0
41200.0 1
41300.0 0
41400.0 2
41500.0 2
41600.0 1
41700.0 2
41800.0 1
41900.0 1
42000.0 0
42100.0 2
42200.0 2
42300.0 1
42400.0 2
42500.0 0
42600.0 2
42700.0 1
42800.0 2
42900.0 0
43000.0 2
43100.0 1
43200.0 0
43300.0 0
43500.0 1
