0.0 0
10.0 10
20.0 2
30.0 5
40.0 4
50.0 4
60.0 2
70.0 7
80.0 10
90.0 10
100.0 4
110.0 1
120.0 8
130.0 9
140.0 1
150.0 8
160.0 3
170.0 6
180.0 1
190.0 5
200.0 3
210.0 0
220.0 2
230.0 2
240.0 0
250.0 0
260.0 0
270.0 0
280.0 0
290.0 0
300.0 0
310.0 0
320.0 0
330.0 0
340.0 0
350.0 0
360.0 0
370.0 0
380.0 0
390.0 0
400.0 0
410.0 0
420.0 0
430.0 0
440.0 0
450.0 0
460.0 1
470.0 0
480.0 0
490.0 1
500.0 2
510.0 1
520.0 2
530.0 4
540.0 2
550.0 5
560.0 5
570.0 3
580.0 4
590.0 2
600.0 0
610.0 1
620.0 2
630.0 0
640.0 8
650.0 4
660.0 2
670.0 4
680.0 0
690.0 1
700.0 2
710.0 5
720.0 7
730.0 8
740.0 8
750.0 13
760.0 6
770.0 3
780.0 6
790.0 5
800.0 3
810.0 1
820.0 1
830.0 2
840.0 1
850.0 4
860.0 1
870.0 1
880.0 0
890.0 0
900.0 2
910.0 1
920.0 2
930.0 1
940.0 3
950.0 1
960.0 3
970.0 1
980.0 3
990.0 0
1000.0 0
1010.0 4
1020.0 1
1030.0 3
1040.0 0
1050.0 0
1060.0 0
1070.0 0
1080.0 2
1090.0 0
1100.0 0
1110.0 1
1120.0 2
1130.0 0
1140.0 0
1150.0 2
1160.0 1
1170.0 1
1180.0 0
1190.0 0
1200.0 2
1210.0 0
1220.0 3
1230.0 3
1240.0 1
1250.0 1
1260.0 3
1270.0 0
1280.0 1
1290.0 1
1300.0 0
1310.0 1
1320.0 0
1330.0 0
1340.0 2
1350.0 1
1360.0 2
1370.0 1
1380.0 0
1390.0 1
1400.0 2
1410.0 0
1420.0 0
1430.0 2
1440.0 0
1450.0 0
1460.0 0
1470.0 0
1480.0 1
1490.0 1
1500.0 2
1510.0 1
1520.0 2
1530.0 2
1540.0 0
1550.0 0
1560.0 0
1570.0 1
1580.0 1
1590.0 1
1600.0 0
1610.0 1
1620.0 1
1630.0 1
1640.0 2
1650.0 2
1660.0 0
1670.0 2
1680.0 2
1690.0 1
1700.0 2
1710.0 1
1720.0 0
1730.0 0
1740.0 0
1750.0 1
1760.0 0
1770.0 1
1780.0 0
1790.0 0
1800.0 1
1810.0 2
1820.0 1
1830.0 1
1840.0 2
1850.0 0
1860.0 2
1870.0 1
1880.0 2
1890.0 2
1900.0 1
1910.0 3
1920.0 0
1930.0 0
1940.0 3
1950.0 1
1960.0 2
1970.0 2
1980.0 0
1990.0 0
2000.0 2
2010.0 2
2020.0 2
2030.0 0
2040.0 2
2050.0 0
2060.0 2
2070.0 1
2080.0 1
2090.0 2
2100.0 0
2110.0 0
2120.0 0
2130.0 2
2140.0 2
2150.0 2
2160.0 2
2170.0 1
2180.0 1
2190.0 0
2200.0 2
2210.0 1
2220.0 2
2230.0 2
2240.0 1
2250.0 3
2260.0 2
2270.0 2
2280.0 1
2290.0 4
2300.0 1
2310.0 0
2320.0 0
2330.0 0
2340.0 0
2350.0 1
2360.0 1
2370.0 0
2380.0 2
2390.0 2
2400.0 1
2410.0 1
2420.0 0
2430.0 2
2440.0 1
2450.0 1
2460.0 2
2470.0 2
2480.0 1
2490.0 2
2500.0 2
2510.0 0
2520.0 1
2530.0 0
2540.0 1
2550.0 0
2560.0 0
2570.0 0
2580.0 0
2590.0 2
2600.0 0
2610.0 1
2620.0 1
2630.0 0
2640.0 2
2650.0 0
2660.0 1
2670.0 0
2680.0 0
2690.0 2
2700.0 2
2710.0 2
2720.0 1
2730.0 0
2740.0 0
2750.0 0
2760.0 0
2770.0 2
2780.0 1
2790.0 4
2800.0 3
2810.0 2
2820.0 3
2830.0 3
2840.0 0
2850.0 3
2860.0 0
2870.0 4
2880.0 2
2890.0 2
2900.0 2
2910.0 1
2920.0 2
2930.0 1
2940.0 1
2950.0 3
2960.0 1
2970.0 3
2980.0 1
2990.0 0
3000.0 3
3010.0 1
3020.0 2
3030.0 1
3040.0 1
3050.0 2
3060.0 0
3070.0 2
3080.0 1
3090.0 1
3100.0 2
3110.0 0
3120.0 2
3130.0 1
3140.0 2
3150.0 0
3160.0 0
3170.0 1
3180.0 2
3190.0 1
3200.0 1
3210.0 1
3220.0 1
3230.0 1
3240.0 1
3250.0 1
3260.0 2
3270.0 0
3280.0 1
3290.0 0
3300.0 1
3310.0 0
3320.0 1
3330.0 2
3340.0 1
3350.0 0
3360.0 1
3370.0 1
3380.0 1
3390.0 1
3400.0 1
3410.0 0
3420.0 0
3430.0 2
3440.0 0
3450.0 3
3460.0 2
3470.0 2
3480.0 1
3490.0 0
3500.0 1
3510.0 2
3520.0 0
3530.0 2
3540.0 2
3550.0 1
3560.0 1
3570.0 0
3580.0 0
3590.0 2
3600.0 0
3610.0 0
3620.0 3
3630.0 3
3640.0 3
3650.0 2
3660.0 2
3670.0 3
3680.0 3
3690.0 1
3700.0 1
3710.0 1
3720.0 3
3730.0 1
3740.0 3
3750.0 3
3760.0 3
3770.0 1
3780.0 2
3790.0 0
3800.0 0
3810.0 0
3820.0 1
3830.0 4
3840.0 3
3850.0 0
3860.0 2
3870.0 1
3880.0 3
3890.0 0
3900.0 2
3910.0 1
3920.0 4
3930.0 1
3940.0 2
3950.0 3
3960.0 2
3970.0 1
3980.0 1
3990.0 0
4000.0 2
4010.0 1
4020.0 0
4030.0 2
4040.0 1
4050.0 2
4060.0 0
4070.0 2
4080.0 0
4090.0 2
4100.0 0
4110.0 0
4120.0 2
4130.0 0
4140.0 2
4150.0 2
4160.0 0
4170.0 2
4180.0 0
4190.0 2
4200.0 2
4210.0 3
4220.0 0
4230.0 1
4240.0 1
4250.0 1
4260.0 0
4270.0 2
4280.0 3
4290.0 4
4300.0 0
4310.0 3
4320.0 2
4330.0 1
4340.0 2
4350.0 1
4360.0 3
4370.0 2
4380.0 0
4390.0 1
4400.0 2
4410.0 1
4420.0 2
4430.0 2
4440.0 3
4450.0 2
4460.0 0
4470.0 2
4480.0 0
4490.0 1
4500.0 3
4510.0 0
4520.0 2
4530.0 4
4540.0 3
4550.0 3
4560.0 3
4570.0 2
4580.0 1
4590.0 3
4600.0 3
4610.0 1
4620.0 1
4630.0 0
4640.0 0
4650.0 1
4660.0 1
4670.0 1
4680.0 0
4690.0 1
4700.0 1
4710.0 2
4720.0 2
4730.0 2
4740.0 2
4750.0 0
4760.0 2
4770.0 0
4780.0 0
4790.0 1
4800.0 1
4810.0 0
4820.0 1
4830.0 2
4840.0 1
4850.0 1
4860.0 1
4870.0 1
4880.0 1
4890.0 1
4900.0 2
4910.0 1
4920.0 1
4930.0 1
4940.0 2
4950.0 0
4960.0 0
4970.0 1
4980.0 1
4990.0 1
5000.0 1
5010.0 1
5020.0 1
5030.0 0
5040.0 1
5050.0 0
5060.0 1
5070.0 2
5080.0 2
5090.0 2
5100.0 0
5110.0 1
5120.0 2
5130.0 2
5140.0 1
5150.0 0
5160.0 1
5170.0 1
5180.0 1
5190.0 0
5200.0 0
5210.0 2
5220.0 2
5230.0 0
5240.0 0
5250.0 0
5260.0 0
5270.0 1
5280.0 1
5290.0 1
5300.0 1
5310.0 0
5320.0 0
5330.0 0
5340.0 2
5350.0 1
5360.0 0
5370.0 1
5380.0 0
5390.0 2
5400.0 1
5410.0 3
5420.0 3
5430.0 0
5440.0 1
5450.0 1
5460.0 1
5470.0 2
5480.0 2
5490.0 2
5500.0 2
5510.0 3
5520.0 2
5530.0 1
5540.0 1
5550.0 2
5560.0 1
5570.0 1
5580.0 0
5590.0 2
5600.0 2
5610.0 2
5620.0 0
5630.0 2
5640.0 1
5650.0 1
5660.0 2
5670.0 1
5680.0 1
5690.0 1
5700.0 1
5710.0 0
5720.0 2
5730.0 2
5740.0 1
5750.0 2
5760.0 1
5770.0 1
5780.0 2
5790.0 3
5800.0 3
5810.0 0
5820.0 1
5830.0 1
5840.0 0
5850.0 2
5860.0 3
5870.0 0
5880.0 0
5890.0 1
5900.0 2
5910.0 0
5920.0 1
5930.0 2
5940.0 1
5950.0 2
5960.0 2
5970.0 1
5980.0 2
5990.0 0
6000.0 1
6010.0 2
6020.0 2
6030.0 1
6040.0 0
6050.0 2
6060.0 2
6070.0 2
6080.0 1
6090.0 1
6100.0 1
6110.0 1
6120.0 2
6130.0 0
6140.0 1
6150.0 1
6160.0 1
6170.0 2
6180.0 2
6190.0 0
6200.0 1
6210.0 0
6220.0 0
6230.0 0
6240.0 2
6250.0 1
6260.0 1
6270.0 0
6280.0 2
6290.0 0
6300.0 0
6310.0 0
6320.0 2
6330.0 2
6340.0 2
6350.0 1
6360.0 0
6370.0 1
6380.0 2
6390.0 0
6400.0 2
6410.0 0
6420.0 1
6430.0 1
6440.0 2
6450.0 1
6460.0 1
6470.0 2
6480.0 1
6490.0 3
6500.0 1
6510.0 2
6520.0 2
6530.0 1
6540.0 1
6550.0 2
6560.0 2
6570.0 1
6580.0 0
6590.0 3
6600.0 0
6610.0 1
6620.0 2
6630.0 2
6640.0 3
6650.0 2
6660.0 1
6670.0 2
6680.0 2
6690.0 0
6700.0 2
6710.0 3
6720.0 1
6730.0 4
6740.0 0
6750.0 2
6760.0 4
6770.0 3
6780.0 2
6790.0 3
6800.0 4
6810.0 0
6820.0 1
6830.0 3
6840.0 1
6850.0 1
6860.0 0
6870.0 2
6880.0 1
6890.0 2
6900.0 1
6910.0 3
6920.0 1
6930.0 2
6940.0 1
6950.0 0
6960.0 0
6970.0 1
6980.0 3
6990.0 1
7000.0 1
7010.0 0
7020.0 0
7030.0 1
7040.0 2
7050.0 2
7060.0 1
7070.0 1
7080.0 1
7090.0 1
7100.0 1
7110.0 2
7120.0 0
7130.0 0
7140.0 3
7150.0 1
7160.0 3
7170.0 2
7180.0 2
7190.0 1
7200.0 1
7210.0 0
7220.0 0
7230.0 3
7240.0 0
7250.0 1
7260.0 3
7270.0 3
7280.0 4
7290.0 2
7300.0 0
7310.0 1
7320.0 1
7330.0 0
7340.0 2
7350.0 2
7360.0 2
7370.0 2
7380.0 2
7390.0 2
7400.0 0
7410.0 1
7420.0 2
7430.0 0
7440.0 0
7450.0 1
7460.0 2
7470.0 1
7480.0 2
7490.0 2
7500.0 0
7510.0 0
7520.0 1
7530.0 3
7540.0 1
7550.0 3
7560.0 2
7570.0 3
7580.0 2
7590.0 1
7600.0 2
7610.0 1
7620.0 2
7630.0 0
7640.0 0
7650.0 1
7660.0 2
7670.0 1
7680.0 0
7690.0 1
7700.0 2
7710.0 2
7720.0 2
7730.0 0
7740.0 2
7750.0 0
7760.0 2
7770.0 0
7780.0 2
7790.0 1
7800.0 2
7810.0 0
7820.0 0
7830.0 1
7840.0 1
7850.0 2
7860.0 1
7870.0 0
7880.0 2
7890.0 1
7900.0 0
7910.0 1
7920.0 2
7930.0 0
7940.0 1
7950.0 1
7960.0 2
7970.0 0
7980.0 2
7990.0 1
8000.0 2
8010.0 1
8020.0 1
8030.0 2
8040.0 2
8050.0 1
8060.0 2
8070.0 2
8080.0 2
8090.0 1
8100.0 1
8110.0 2
8120.0 1
8130.0 1
8140.0 1
8150.0 2
8160.0 1
8170.0 2
8180.0 1
8190.0 1
8200.0 1
8210.0 1
8220.0 1
8230.0 1
8240.0 2
8250.0 2
8260.0 1
8270.0 1
8280.0 1
8290.0 1
8300.0 4
8310.0 4
8320.0 2
8330.0 5
8340.0 3
8350.0 3
8360.0 3
8370.0 1
8380.0 2
8390.0 1
8400.0 3
8410.0 2
8420.0 4
8430.0 1
8440.0 5
8450.0 1
8460.0 2
8470.0 1
8480.0 2
8490.0 2
8500.0 3
8510.0 4
8520.0 5
8530.0 4
8540.0 3
8550.0 3
8560.0 2
8570.0 1
8580.0 2
8590.0 2
8600.0 1
8610.0 6
8620.0 3
8630.0 1
8640.0 1
8650.0 2
8660.0 2
8670.0 2
8680.0 2
8690.0 2
8700.0 2
8710.0 2
8720.0 1
8730.0 1
8740.0 1
8750.0 2
8760.0 2
8770.0 2
8780.0 1
8790.0 2
8800.0 3
8810.0 2
8820.0 3
8830.0 3
8840.0 3
8850.0 2
8860.0 3
8870.0 3
8880.0 1
8890.0 3
8900.0 3
8910.0 3
8920.0 2
8930.0 2
8940.0 4
8950.0 6
8960.0 5
8970.0 5
8980.0 4
8990.0 3
9000.0 3
9010.0 3
9020.0 6
9030.0 5
9040.0 4
9050.0 4
9060.0 6
9070.0 6
9080.0 4
9090.0 4
9100.0 7
9110.0 8
9120.0 4
9130.0 8
9140.0 4
9150.0 4
9160.0 8
9170.0 6
9180.0 8
9190.0 7
9200.0 6
9210.0 6
9220.0 7
9230.0 4
9240.0 8
9250.0 8
9260.0 4
9270.0 4
9280.0 6
9290.0 6
9300.0 4
9310.0 4
9320.0 7
9330.0 8
9340.0 9
9350.0 6
9360.0 7
9370.0 9
9380.0 4
9390.0 6
9400.0 5
9410.0 3
9420.0 5
9430.0 6
9440.0 5
9450.0 6
9460.0 5
9470.0 7
9480.0 6
9490.0 5
9500.0 6
9510.0 3
9520.0 7
9530.0 6
9540.0 5
9550.0 7
9560.0 8
9570.0 3
9580.0 7
9590.0 5
9600.0 6
9610.0 3
9620.0 3
9630.0 7
9640.0 7
9650.0 6
9660.0 6
9670.0 7
9680.0 6
9690.0 6
9700.0 6
9710.0 7
9720.0 3
9730.0 4
9740.0 8
9750.0 3
9760.0 5
9770.0 6
9780.0 4
9790.0 6
9800.0 8
9810.0 7
9820.0 5
9830.0 5
9840.0 4
9850.0 6
9860.0 7
9870.0 4
9880.0 4
9890.0 7
9900.0 6
9910.0 7
9920.0 4
9930.0 9
9940.0 3
9950.0 5
9960.0 7
9970.0 3
9980.0 6
9990.0 4
10000.0 4
10010.0 8
10020.0 8
10030.0 8
10040.0 5
10050.0 4
10060.0 7
10070.0 3
10080.0 4
10090.0 8
10100.0 7
10110.0 4
10120.0 7
10130.0 8
10140.0 4
10150.0 7
10160.0 5
10170.0 7
10180.0 6
10190.0 5
10200.0 8
10210.0 7
10220.0 9
10230.0 8
10240.0 3
10250.0 7
10260.0 5
10270.0 6
10280.0 4
10290.0 3
10300.0 7
10310.0 6
10320.0 7
10330.0 3
10340.0 3
10350.0 5
10360.0 8
10370.0 4
10380.0 3
10390.0 4
10400.0 4
10410.0 8
10420.0 8
10430.0 3
10440.0 3
10450.0 4
10460.0 4
10470.0 4
10480.0 4
10490.0 6
10500.0 7
10510.0 3
10520.0 9
10530.0 4
10540.0 4
10550.0 7
10560.0 7
10570.0 3
10580.0 4
10590.0 6
10600.0 8
10610.0 6
10620.0 5
10630.0 3
10640.0 7
10650.0 4
10660.0 6
10670.0 5
10680.0 3
10690.0 3
10700.0 4
10710.0 4
10720.0 5
10730.0 9
10740.0 4
10750.0 6
10760.0 7
10770.0 3
10780.0 5
10790.0 7
10800.0 6
10810.0 7
10820.0 6
10830.0 7
10840.0 7
10850.0 3
10860.0 6
10870.0 5
10880.0 6
10890.0 7
10900.0 3
10910.0 8
10920.0 7
10930.0 4
10940.0 7
10950.0 7
10960.0 3
10970.0 7
10980.0 5
10990.0 5
11000.0 8
11010.0 3
11020.0 8
11030.0 5
11040.0 8
11050.0 5
11060.0 3
11070.0 3
11080.0 5
11090.0 4
11100.0 5
11110.0 3
11120.0 5
11130.0 3
11140.0 7
11150.0 7
11160.0 4
11170.0 7
11180.0 3
11190.0 5
11200.0 4
11210.0 7
11220.0 7
11230.0 4
11240.0 3
11250.0 5
11260.0 6
11270.0 3
11280.0 4
11290.0 4
11300.0 6
11310.0 7
11320.0 5
11330.0 3
11340.0 5
11350.0 5
11360.0 4
11370.0 7
11380.0 5
11390.0 5
11400.0 7
11410.0 7
11420.0 6
11430.0 5
11440.0 7
11450.0 4
11460.0 3
11470.0 3
11480.0 3
11490.0 5
11500.0 7
11510.0 3
11520.0 5
11530.0 7
11540.0 5
11550.0 7
11560.0 4
11570.0 6
11580.0 5
11590.0 4
11600.0 5
11610.0 3
11620.0 8
11630.0 6
11640.0 6
11650.0 7
11660.0 7
11670.0 7
11680.0 4
11690.0 7
11700.0 8
11710.0 4
11720.0 5
11730.0 7
11740.0 8
11750.0 4
11760.0 9
11770.0 6
11780.0 10
11790.0 7
11800.0 3
11810.0 9
11820.0 4
11830.0 3
11840.0 7
11850.0 6
11860.0 8
11870.0 6
11880.0 4
11890.0 3
11900.0 7
11910.0 7
11920.0 7
11930.0 8
11940.0 6
11950.0 7
11960.0 8
11970.0 8
11980.0 8
11990.0 6
12000.0 7
12010.0 5
12020.0 5
12030.0 6
12040.0 4
12050.0 4
12060.0 3
12070.0 3
12080.0 3
12090.0 5
12100.0 3
12110.0 3
12120.0 4
12130.0 4
12140.0 6
12150.0 4
12160.0 6
12170.0 5
12180.0 5
12190.0 6
12200.0 6
12210.0 3
12220.0 3
12230.0 7
12240.0 6
12250.0 3
12260.0 3
12270.0 3
12280.0 7
12290.0 6
12300.0 4
12310.0 6
12320.0 6
12330.0 5
12340.0 5
12350.0 7
12360.0 4
12370.0 6
12380.0 3
12390.0 5
12400.0 7
12410.0 4
12420.0 7
12430.0 4
12440.0 4
12450.0 7
12460.0 3
12470.0 4
12480.0 5
12490.0 6
12500.0 7
12510.0 6
12520.0 3
12530.0 5
12540.0 5
12550.0 6
12560.0 8
12570.0 3
12580.0 6
12590.0 4
12600.0 7
12610.0 7
12620.0 6
12630.0 8
12640.0 7
12650.0 6
12660.0 6
12670.0 3
12680.0 5
12690.0 4
12700.0 5
12710.0 6
12720.0 5
12730.0 7
12740.0 5
12750.0 6
12760.0 6
12770.0 7
12780.0 6
12790.0 3
12800.0 4
12810.0 4
12820.0 4
12830.0 7
12840.0 3
12850.0 4
12860.0 3
12870.0 3
12880.0 6
12890.0 4
12900.0 5
12910.0 7
12920.0 5
12930.0 5
12940.0 3
12950.0 3
12960.0 4
12970.0 3
12980.0 5
12990.0 7
13000.0 4
13010.0 3
13020.0 7
13030.0 6
13040.0 7
13050.0 5
13060.0 6
13070.0 6
13080.0 3
13090.0 7
13100.0 4
13110.0 5
13120.0 5
13130.0 5
13140.0 3
13150.0 4
13160.0 5
13170.0 5
13180.0 6
13190.0 5
13200.0 6
13210.0 7
13220.0 4
13230.0 3
13240.0 6
13250.0 6
13260.0 3
13270.0 5
13280.0 6
13290.0 7
13300.0 8
13310.0 6
13320.0 7
13330.0 5
13340.0 9
13350.0 6
13360.0 8
13370.0 8
13380.0 3
13390.0 6
13400.0 6
13410.0 4
13420.0 6
13430.0 4
13440.0 4
13450.0 5
13460.0 8
13470.0 7
13480.0 3
13490.0 6
13500.0 8
13510.0 6
13520.0 5
13530.0 8
13540.0 4
13550.0 4
13560.0 3
13570.0 4
13580.0 6
13590.0 8
13600.0 3
13610.0 7
13620.0 5
13630.0 8
13640.0 8
13650.0 4
13660.0 7
13670.0 5
13680.0 5
13690.0 5
13700.0 4
13710.0 4
13720.0 7
13730.0 5
13740.0 3
13750.0 4
13760.0 3
13770.0 5
13780.0 3
13790.0 7
13800.0 4
13810.0 3
13820.0 4
13830.0 5
13840.0 5
13850.0 4
13860.0 5
13870.0 7
13880.0 6
13890.0 5
13900.0 7
13910.0 3
13920.0 3
13930.0 4
13940.0 4
13950.0 4
13960.0 3
13970.0 3
13980.0 3
13990.0 3
14000.0 7
14010.0 5
14020.0 5
14030.0 3
14040.0 4
14050.0 6
14060.0 6
14070.0 4
14080.0 4
14090.0 6
14100.0 7
14110.0 6
14120.0 4
14130.0 4
14140.0 6
14150.0 3
14160.0 7
14170.0 7
14180.0 7
14190.0 6
14200.0 6
14210.0 7
14220.0 6
14230.0 4
14240.0 3
14250.0 8
14260.0 3
14270.0 3
14280.0 7
14290.0 4
14300.0 7
14310.0 7
14320.0 7
14330.0 7
14340.0 7
14350.0 7
14360.0 3
14370.0 5
14380.0 6
14390.0 3
14400.0 8
14410.0 4
14420.0 5
14430.0 7
14440.0 3
14450.0 8
14460.0 6
14470.0 5
14480.0 4
14490.0 3
14500.0 7
14510.0 4
14520.0 8
14530.0 6
14540.0 6
14550.0 7
14560.0 3
14570.0 4
14580.0 7
14590.0 8
14600.0 4
14610.0 6
14620.0 4
14630.0 6
14640.0 5
14650.0 6
14660.0 7
14670.0 7
14680.0 4
14690.0 4
14700.0 5
14710.0 7
14720.0 4
14730.0 7
14740.0 4
14750.0 6
14760.0 4
14770.0 6
14780.0 4
14790.0 3
14800.0 7
14810.0 4
14820.0 6
14830.0 3
14840.0 6
14850.0 4
14860.0 4
14870.0 7
14880.0 7
14890.0 3
14900.0 6
14910.0 5
14920.0 5
14930.0 7
14940.0 5
14950.0 4
14960.0 4
14970.0 4
14980.0 4
14990.0 4
15000.0 6
15010.0 6
15020.0 4
15030.0 3
15040.0 8
15050.0 9
15060.0 3
15070.0 6
15080.0 5
15090.0 8
15100.0 4
15110.0 8
15120.0 5
15130.0 7
15140.0 4
15150.0 6
15160.0 6
15170.0 5
15180.0 4
15190.0 7
15200.0 8
15210.0 5
15220.0 3
15230.0 8
15240.0 7
15250.0 4
15260.0 3
15270.0 8
15280.0 7
15290.0 7
15300.0 5
15310.0 3
15320.0 7
15330.0 8
15340.0 3
15350.0 5
15360.0 6
15370.0 3
15380.0 4
15390.0 4
15400.0 5
15410.0 4
15420.0 7
15430.0 3
15440.0 7
15450.0 8
15460.0 5
15470.0 2
15480.0 6
15490.0 2
15500.0 3
15510.0 7
15520.0 7
15530.0 4
15540.0 3
15550.0 4
15560.0 10
15570.0 10
15580.0 10
15590.0 9
15600.0 4
15610.0 7
15620.0 7
15630.0 4
15640.0 8
15650.0 10
15660.0 11
15670.0 10
15680.0 7
15690.0 5
15700.0 5
15710.0 5
15720.0 6
15730.0 4
15740.0 6
15750.0 5
15760.0 5
15770.0 9
15780.0 8
15790.0 5
15800.0 4
15810.0 4
15820.0 4
15830.0 5
15840.0 2
15850.0 5
15860.0 2
15870.0 6
15880.0 3
15890.0 2
15900.0 3
15910.0 6
15920.0 5
15930.0 6
15940.0 2
15950.0 2
15960.0 4
15970.0 4
15980.0 2
15990.0 2
16000.0 3
16010.0 3
16020.0 5
16030.0 3
16040.0 4
16050.0 3
16060.0 5
16070.0 4
16080.0 6
16090.0 3
16100.0 8
16110.0 7
16120.0 5
16130.0 4
16140.0 5
16150.0 5
16160.0 4
16170.0 7
16180.0 5
16190.0 7
16200.0 3
16210.0 4
16220.0 4
16230.0 2
16240.0 3
16250.0 5
16260.0 4
16270.0 2
16280.0 2
16290.0 4
16300.0 4
16310.0 3
16320.0 2
16330.0 2
16340.0 6
16350.0 4
16360.0 6
16370.0 6
16380.0 3
16390.0 2
16400.0 2
16410.0 3
16420.0 4
16430.0 4
16440.0 3
16450.0 3
16460.0 5
16470.0 1
16480.0 1
16490.0 4
16500.0 2
16510.0 4
16520.0 0
16530.0 0
16540.0 2
16550.0 2
16560.0 0
16570.0 0
16580.0 1
16590.0 2
16600.0 0
16610.0 0
16620.0 2
16630.0 0
16640.0 4
16650.0 3
16660.0 0
16670.0 0
16680.0 2
16690.0 1
16700.0 1
16710.0 0
16720.0 1
16730.0 0
16740.0 2
16750.0 2
16760.0 1
16770.0 0
16780.0 2
16790.0 1
16800.0 0
16810.0 0
16820.0 1
16830.0 1
16840.0 0
16850.0 0
16860.0 0
16870.0 0
16880.0 2
16890.0 2
16900.0 0
16910.0 1
16920.0 1
16930.0 1
16940.0 3
16950.0 1
16960.0 3
16970.0 0
16980.0 1
16990.0 1
17000.0 0
17010.0 0
17020.0 1
17030.0 0
17040.0 0
17050.0 0
17060.0 0
17070.0 2
17080.0 2
17090.0 2
17100.0 0
17110.0 0
17120.0 1
17130.0 0
17140.0 0
17150.0 1
17160.0 1
17170.0 1
17180.0 0
17190.0 0
17200.0 2
17210.0 0
17220.0 0
17230.0 1
17240.0 1
17250.0 1
17260.0 1
17270.0 0
17280.0 1
17290.0 0
17300.0 2
17310.0 3
17320.0 3
17330.0 4
17340.0 1
17350.0 1
17360.0 2
17370.0 0
17380.0 0
17390.0 0
17400.0 0
17410.0 0
17420.0 1
17430.0 0
17440.0 1
17450.0 1
17460.0 1
17470.0 0
17480.0 1
17490.0 1
17500.0 1
17510.0 1
17520.0 1
17530.0 1
17540.0 1
17550.0 0
17560.0 1
17570.0 1
17580.0 1
17590.0 0
17600.0 1
17610.0 1
17620.0 0
17630.0 1
17640.0 1
17650.0 0
17660.0 0
17670.0 1
17680.0 1
17690.0 1
17700.0 0
17710.0 1
17720.0 1
17730.0 0
17740.0 1
17750.0 0
17760.0 1
17770.0 0
17780.0 0
17790.0 1
17800.0 0
17810.0 1
17820.0 1
17830.0 1
17840.0 1
17850.0 1
17860.0 1
17870.0 0
17880.0 0
17890.0 1
17900.0 0
17910.0 0
17920.0 1
17930.0 0
17940.0 0
17950.0 0
17960.0 0
17970.0 2
17980.0 2
17990.0 1
18000.0 0
18010.0 1
18020.0 2
18030.0 3
18040.0 3
18050.0 2
18060.0 3
18070.0 2
18080.0 0
18090.0 0
18100.0 0
18110.0 2
18120.0 1
18130.0 1
18140.0 0
18150.0 2
18160.0 1
18170.0 0
18180.0 1
18190.0 2
18200.0 3
18210.0 0
18220.0 3
18230.0 3
18240.0 1
18250.0 1
18260.0 1
18270.0 1
18280.0 1
18290.0 1
18300.0 2
18310.0 0
18320.0 2
18330.0 3
18340.0 2
18350.0 0
18360.0 1
18370.0 0
18380.0 0
18390.0 1
18400.0 0
18410.0 0
18420.0 0
18430.0 0
18440.0 1
18450.0 2
18460.0 1
18470.0 2
18480.0 2
18490.0 2
18500.0 1
18510.0 1
18520.0 1
18530.0 1
18540.0 1
18550.0 2
18560.0 2
18570.0 0
18580.0 0
18590.0 0
18600.0 1
18610.0 0
18620.0 1
18630.0 1
18640.0 2
18650.0 1
18660.0 1
18670.0 2
18680.0 2
18690.0 1
18700.0 0
18710.0 0
18720.0 0
18730.0 0
18740.0 0
18750.0 1
18760.0 1
18770.0 1
18780.0 0
18790.0 1
18800.0 0
18810.0 0
18820.0 0
18830.0 1
18840.0 0
18850.0 1
18860.0 0
18870.0 1
18880.0 2
18890.0 0
18900.0 0
18910.0 0
18920.0 1
18930.0 0
18940.0 1
18950.0 1
18960.0 1
18970.0 0
18980.0 0
18990.0 0
19000.0 0
19010.0 1
19020.0 1
19030.0 0
19040.0 1
19050.0 1
19060.0 0
19070.0 0
19080.0 0
19090.0 1
19100.0 1
19110.0 0
19120.0 2
19130.0 2
19140.0 0
19150.0 1
19160.0 0
19170.0 1
19180.0 2
19190.0 1
19200.0 0
19210.0 1
19220.0 1
19230.0 1
19240.0 0
19250.0 1
19260.0 1
19270.0 1
19280.0 1
19290.0 0
19300.0 0
19310.0 1
19320.0 1
19330.0 2
19340.0 1
19350.0 0
19360.0 2
19370.0 1
19380.0 2
19390.0 2
19400.0 1
19410.0 2
19420.0 3
19430.0 3
19440.0 3
19450.0 2
19460.0 0
19470.0 1
19480.0 1
19490.0 2
19500.0 0
19510.0 1
19520.0 2
19530.0 0
19540.0 1
19550.0 1
19560.0 2
19570.0 1
19580.0 1
19590.0 0
19600.0 1
19610.0 1
19620.0 1
19630.0 1
19640.0 3
19650.0 2
19660.0 1
19670.0 0
19680.0 0
19690.0 2
19700.0 3
19710.0 2
19720.0 3
19730.0 0
19740.0 0
19750.0 2
19760.0 1
19770.0 2
19780.0 0
19790.0 1
19800.0 0
19810.0 2
19820.0 2
19830.0 2
19840.0 0
19850.0 1
19860.0 2
19870.0 2
19880.0 0
19890.0 1
19900.0 1
19910.0 1
19920.0 1
19930.0 0
19940.0 1
19950.0 1
19960.0 1
19970.0 0
19980.0 0
19990.0 1
20000.0 2
20010.0 1
20020.0 0
20030.0 2
20040.0 1
20050.0 0
20060.0 1
20070.0 0
20080.0 0
20090.0 1
20100.0 0
20110.0 1
20120.0 1
20130.0 0
20140.0 0
20150.0 3
20160.0 2
20170.0 2
20180.0 0
20190.0 3
20200.0 2
20210.0 3
20220.0 3
20230.0 2
20240.0 2
20250.0 2
20260.0 1
20270.0 2
20280.0 2
20290.0 1
20300.0 3
20310.0 0
20320.0 3
20330.0 0
20340.0 0
20350.0 1
20360.0 0
20370.0 1
20380.0 1
20390.0 2
20400.0 0
20410.0 2
20420.0 1
20430.0 1
20440.0 1
20450.0 1
20460.0 1
20470.0 0
20480.0 1
20490.0 1
20500.0 0
20510.0 2
20520.0 1
20530.0 1
20540.0 1
20550.0 0
20560.0 0
20570.0 0
20580.0 3
20590.0 2
20600.0 0
20610.0 0
20620.0 0
20630.0 0
20640.0 1
20650.0 0
20660.0 0
20670.0 0
20680.0 0
20690.0 1
20700.0 0
20710.0 1
20720.0 1
20730.0 0
20740.0 2
20750.0 2
20760.0 2
20770.0 1
20780.0 1
20790.0 3
20800.0 3
20810.0 1
20820.0 3
20830.0 2
20840.0 2
20850.0 3
20860.0 4
20870.0 4
20880.0 2
20890.0 5
20900.0 4
20910.0 2
20920.0 4
20930.0 1
20940.0 2
20950.0 1
20960.0 2
20970.0 1
20980.0 2
20990.0 3
21000.0 2
21010.0 2
21020.0 2
21030.0 3
21040.0 2
21050.0 2
21060.0 4
21070.0 4
21080.0 2
21090.0 2
21100.0 3
21110.0 3
21120.0 3
21130.0 2
21140.0 1
21150.0 2
21160.0 2
21170.0 2
21180.0 1
21190.0 2
21200.0 2
21210.0 3
21220.0 2
21230.0 2
21240.0 2
21250.0 2
21260.0 2
21270.0 2
21280.0 2
21290.0 2
21300.0 2
21310.0 2
21320.0 2
21330.0 1
21340.0 2
21350.0 2
21360.0 1
21370.0 2
21380.0 1
21390.0 3
21400.0 3
21410.0 3
21420.0 2
21430.0 1
21440.0 2
21450.0 2
21460.0 2
21470.0 2
21480.0 1
21490.0 3
21500.0 1
21510.0 2
21520.0 1
21530.0 1
21540.0 3
21550.0 3
21560.0 3
21570.0 3
21580.0 5
21590.0 2
21600.0 1
21610.0 1
21620.0 2
21630.0 3
21640.0 2
21650.0 2
21660.0 2
21670.0 1
21680.0 3
21690.0 2
21700.0 2
21710.0 2
21720.0 2
21730.0 2
21740.0 2
21750.0 2
21760.0 2
21770.0 2
21780.0 2
21790.0 2
21800.0 1
21810.0 2
21820.0 1
21830.0 2
21840.0 2
21850.0 2
21860.0 3
21870.0 2
21880.0 1
21890.0 1
21900.0 2
21910.0 1
21920.0 2
21930.0 2
21940.0 2
21950.0 1
21960.0 1
21970.0 3
21980.0 3
21990.0 3
22000.0 1
22010.0 3
22020.0 2
22030.0 3
22040.0 1
22050.0 2
22060.0 2
22070.0 3
22080.0 4
22090.0 1
22100.0 4
22110.0 4
22120.0 3
22130.0 2
22140.0 3
22150.0 3
22160.0 3
22170.0 3
22180.0 1
22190.0 2
22200.0 3
22210.0 1
22220.0 2
22230.0 1
22240.0 1
22250.0 2
22260.0 2
22270.0 2
22280.0 1
22290.0 1
22300.0 1
22310.0 1
22320.0 1
22330.0 3
22340.0 3
22350.0 2
22360.0 1
22370.0 3
22380.0 1
22390.0 3
22400.0 3
22410.0 2
22420.0 3
22430.0 3
22440.0 1
22450.0 3
22460.0 2
22470.0 1
22480.0 2
22490.0 1
22500.0 2
22510.0 2
22520.0 3
22530.0 1
22540.0 1
22550.0 2
22560.0 1
22570.0 3
22580.0 2
22590.0 3
22600.0 3
22610.0 3
22620.0 1
22630.0 3
22640.0 3
22650.0 1
22660.0 4
22670.0 3
22680.0 3
22690.0 4
22700.0 1
22710.0 1
22720.0 2
22730.0 5
22740.0 2
22750.0 2
22760.0 1
22770.0 2
22780.0 4
22790.0 1
22800.0 1
22810.0 4
22820.0 2
22830.0 3
22840.0 1
22850.0 3
22860.0 3
22870.0 2
22880.0 1
22890.0 4
22900.0 3
22910.0 1
22920.0 3
22930.0 1
22940.0 1
22950.0 2
22960.0 2
22970.0 3
22980.0 1
22990.0 2
23000.0 1
23010.0 1
23020.0 1
23030.0 3
23040.0 1
23050.0 1
23060.0 2
23070.0 3
23080.0 3
23090.0 3
23100.0 1
23110.0 2
23120.0 1
23130.0 3
23140.0 3
23150.0 3
23160.0 2
23170.0 2
23180.0 3
23190.0 1
23200.0 2
23210.0 3
23220.0 1
23230.0 1
23240.0 2
23250.0 1
23260.0 1
23270.0 2
23280.0 1
23290.0 1
23300.0 1
23310.0 2
23320.0 3
23330.0 2
23340.0 2
23350.0 4
23360.0 2
23370.0 3
23380.0 4
23390.0 4
23400.0 4
23410.0 3
23420.0 4
23430.0 1
23440.0 4
23450.0 4
23460.0 3
23470.0 2
23480.0 2
23490.0 2
23500.0 2
23510.0 1
23520.0 1
23530.0 4
23540.0 4
23550.0 2
23560.0 3
23570.0 5
23580.0 4
23590.0 4
23600.0 1
23610.0 2
23620.0 1
23630.0 3
23640.0 3
23650.0 1
23660.0 1
23670.0 1
23680.0 2
23690.0 3
23700.0 2
23710.0 2
23720.0 5
23730.0 2
23740.0 5
23750.0 5
23760.0 4
23770.0 3
23780.0 3
23790.0 2
23800.0 1
23810.0 3
23820.0 3
23830.0 2
23840.0 1
23850.0 2
23860.0 1
23870.0 2
23880.0 3
23890.0 3
23900.0 1
23910.0 2
23920.0 3
23930.0 3
23940.0 2
23950.0 2
23960.0 3
23970.0 1
23980.0 2
23990.0 1
24000.0 3
24010.0 3
24020.0 1
24030.0 1
24040.0 2
24050.0 1
24060.0 1
24070.0 3
24080.0 3
24090.0 1
24100.0 1
24110.0 2
24120.0 2
24130.0 2
24140.0 1
24150.0 2
24160.0 2
24170.0 3
24180.0 3
24190.0 2
24200.0 3
24210.0 1
24220.0 1
24230.0 2
24240.0 3
24250.0 2
24260.0 1
24270.0 2
24280.0 4
24290.0 3
24300.0 4
24310.0 1
24320.0 3
24330.0 2
24340.0 3
24350.0 3
24360.0 3
24370.0 2
24380.0 3
24390.0 2
24400.0 3
24410.0 3
24420.0 2
24430.0 1
24440.0 2
24450.0 1
24460.0 2
24470.0 1
24480.0 2
24490.0 3
24500.0 3
24510.0 3
24520.0 3
24530.0 3
24540.0 1
24550.0 2
24560.0 2
24570.0 3
24580.0 2
24590.0 3
24600.0 2
24610.0 2
24620.0 2
24630.0 2
24640.0 4
24650.0 1
24660.0 3
24670.0 4
24680.0 1
24690.0 4
24700.0 4
24710.0 2
24720.0 1
24730.0 1
24740.0 3
24750.0 2
24760.0 2
24770.0 1
24780.0 2
24790.0 1
24800.0 1
24810.0 3
24820.0 1
24830.0 1
24840.0 3
24850.0 1
24860.0 2
24870.0 1
24880.0 3
24890.0 2
24900.0 1
24910.0 2
24920.0 3
24930.0 3
24940.0 2
24950.0 2
24960.0 3
24970.0 3
24980.0 3
24990.0 2
25000.0 1
25010.0 3
25020.0 3
25030.0 1
25040.0 3
25050.0 2
25060.0 1
25070.0 2
25080.0 1
25090.0 1
25100.0 1
25110.0 1
25120.0 3
25130.0 2
25140.0 3
25150.0 1
25160.0 3
25170.0 2
25180.0 3
25190.0 2
25200.0 2
25210.0 2
25220.0 2
25230.0 2
25240.0 3
25250.0 3
25260.0 4
25270.0 3
25280.0 3
25290.0 4
25300.0 4
25310.0 2
25320.0 3
25330.0 3
25340.0 1
25350.0 2
25360.0 2
25370.0 2
25380.0 4
25390.0 1
25400.0 2
25410.0 2
25420.0 2
25430.0 1
25440.0 1
25450.0 2
25460.0 1
25470.0 3
25480.0 2
25490.0 3
25500.0 3
25510.0 3
25520.0 2
25530.0 3
25540.0 1
25550.0 3
25560.0 1
25570.0 3
25580.0 1
25590.0 2
25600.0 3
25610.0 2
25620.0 1
25630.0 3
25640.0 1
25650.0 4
25660.0 2
25670.0 1
25680.0 3
25690.0 3
25700.0 2
25710.0 2
25720.0 1
25730.0 2
25740.0 2
25750.0 3
25760.0 2
25770.0 2
25780.0 3
25790.0 3
25800.0 3
25810.0 4
25820.0 4
25830.0 3
25840.0 2
25850.0 1
25860.0 1
25870.0 1
25880.0 2
25890.0 3
25900.0 3
25910.0 2
25920.0 3
25930.0 2
25940.0 3
25950.0 3
25960.0 1
25970.0 2
25980.0 3
25990.0 3
26000.0 3
26010.0 2
26020.0 2
26030.0 2
26040.0 1
26050.0 2
26060.0 4
26070.0 2
26080.0 3
26090.0 3
26100.0 1
26110.0 1
26120.0 2
26130.0 2
26140.0 4
26150.0 2
26160.0 2
26170.0 1
26180.0 3
26190.0 2
26200.0 1
26210.0 1
26220.0 1
26230.0 2
26240.0 2
26250.0 3
26260.0 3
26270.0 3
26280.0 1
26290.0 3
26300.0 1
26310.0 2
26320.0 1
26330.0 1
26340.0 2
26350.0 1
26360.0 1
26370.0 1
26380.0 1
26390.0 2
26400.0 2
26410.0 1
26420.0 3
26430.0 4
26440.0 3
26450.0 2
26460.0 2
26470.0 2
26480.0 3
26490.0 1
26500.0 2
26510.0 2
26520.0 2
26530.0 1
26540.0 4
26550.0 2
26560.0 2
26570.0 1
26580.0 3
26590.0 2
26600.0 3
26610.0 2
26620.0 3
26630.0 2
26640.0 2
26650.0 1
26660.0 1
26670.0 3
26680.0 3
26690.0 4
26700.0 4
26710.0 2
26720.0 2
26730.0 3
26740.0 4
26750.0 4
26760.0 2
26770.0 1
26780.0 1
26790.0 3
26800.0 2
26810.0 2
26820.0 1
26830.0 1
26840.0 3
26850.0 1
26860.0 2
26870.0 3
26880.0 2
26890.0 3
26900.0 2
26910.0 1
26920.0 3
26930.0 2
26940.0 2
26950.0 1
26960.0 2
26970.0 1
26980.0 3
26990.0 1
27000.0 4
27010.0 1
27020.0 3
27030.0 3
27040.0 3
27050.0 1
27060.0 1
27070.0 2
27080.0 1
27090.0 2
27100.0 3
27110.0 5
27120.0 3
27130.0 1
27140.0 4
27150.0 4
27160.0 4
27170.0 3
27180.0 1
27190.0 1
27200.0 2
27210.0 3
27220.0 3
27230.0 3
27240.0 4
27250.0 1
27260.0 2
27270.0 5
27280.0 3
27290.0 1
27300.0 3
27310.0 5
27320.0 2
27330.0 4
27340.0 5
27350.0 4
27360.0 1
27370.0 5
27380.0 1
27390.0 4
27400.0 2
27410.0 2
27420.0 3
27430.0 3
27440.0 4
27450.0 4
27460.0 2
27470.0 4
27480.0 3
27490.0 3
27500.0 2
27510.0 1
27520.0 2
27530.0 1
27540.0 2
27550.0 5
27560.0 4
27570.0 2
27580.0 1
27590.0 2
27600.0 2
27610.0 3
27620.0 4
27630.0 4
27640.0 3
27650.0 3
27660.0 5
27670.0 3
27680.0 5
27690.0 2
27700.0 4
27710.0 1
27720.0 2
27730.0 1
27740.0 4
27750.0 4
27760.0 1
27770.0 1
27780.0 2
27790.0 1
27800.0 3
27810.0 3
27820.0 4
27830.0 1
27840.0 3
27850.0 3
27860.0 3
27870.0 1
27880.0 1
27890.0 3
27900.0 1
27910.0 2
27920.0 1
27930.0 1
27940.0 2
27950.0 3
27960.0 2
27970.0 2
27980.0 3
27990.0 4
28000.0 1
28010.0 4
28020.0 2
28030.0 4
28040.0 4
28050.0 3
28060.0 5
28070.0 2
28080.0 2
28090.0 1
28100.0 3
28110.0 3
28120.0 3
28130.0 2
28140.0 0
28150.0 0
28160.0 1
28170.0 3
28180.0 3
28190.0 3
28200.0 2
28210.0 3
28220.0 3
28230.0 4
28240.0 4
28250.0 2
28260.0 0
28270.0 0
28280.0 3
28290.0 2
28300.0 1
28310.0 1
28320.0 3
28330.0 1
28340.0 0
28350.0 3
28360.0 0
28370.0 3
28380.0 4
28390.0 2
28400.0 0
28410.0 3
28420.0 2
28430.0 0
28440.0 3
28450.0 2
28460.0 1
28470.0 3
28480.0 0
28490.0 3
28500.0 1
28510.0 4
28520.0 0
28530.0 3
28540.0 3
28550.0 3
28560.0 3
28570.0 3
28580.0 3
28590.0 2
28600.0 2
28610.0 2
28620.0 4
28630.0 4
28640.0 5
28650.0 1
28660.0 2
28670.0 0
28680.0 2
28690.0 0
28700.0 5
28710.0 0
28720.0 1
28730.0 4
28740.0 1
28750.0 2
28760.0 3
28770.0 2
28780.0 0
28790.0 2
28800.0 3
28810.0 2
28820.0 2
28830.0 1
28840.0 3
28850.0 3
28860.0 3
28870.0 4
28880.0 3
28890.0 3
28900.0 3
28910.0 3
28920.0 3
28930.0 3
28940.0 2
28950.0 0
28960.0 0
28970.0 3
28980.0 3
28990.0 4
29000.0 4
29010.0 5
29020.0 0
29030.0 2
29040.0 1
29050.0 3
29060.0 3
29070.0 4
29080.0 1
29090.0 1
29100.0 2
29110.0 0
29120.0 1
29130.0 3
29140.0 2
29150.0 3
29160.0 3
29170.0 0
29180.0 3
29190.0 3
29200.0 0
29210.0 4
29220.0 1
29230.0 1
29240.0 2
29250.0 3
29260.0 3
29270.0 2
29280.0 2
29290.0 3
29300.0 2
29310.0 1
29320.0 1
29330.0 2
29340.0 4
29350.0 2
29360.0 4
29370.0 0
29380.0 2
29390.0 0
29400.0 2
29410.0 0
29420.0 1
29430.0 2
29440.0 2
29450.0 1
29460.0 1
29470.0 0
29480.0 0
29490.0 3
29500.0 1
29510.0 4
29520.0 4
29530.0 2
29540.0 0
29550.0 1
29560.0 2
29570.0 1
29580.0 0
29590.0 2
29600.0 4
29610.0 0
29620.0 1
29630.0 4
29640.0 1
29650.0 4
29660.0 3
29670.0 5
29680.0 2
29690.0 2
29700.0 5
29710.0 3
29720.0 3
29730.0 1
29740.0 0
29750.0 3
29760.0 4
29770.0 0
29780.0 2
29790.0 3
29800.0 4
29810.0 3
29820.0 3
29830.0 0
29840.0 1
29850.0 3
29860.0 2
29870.0 2
29880.0 3
29890.0 4
29900.0 4
29910.0 3
29920.0 1
29930.0 5
29940.0 0
29950.0 3
29960.0 3
29970.0 1
29980.0 1
29990.0 2
30000.0 2
30010.0 3
30020.0 5
30030.0 4
30040.0 4
30050.0 0
30060.0 2
30070.0 1
30080.0 5
30090.0 3
30100.0 6
30110.0 1
30120.0 5
30130.0 4
30140.0 2
30150.0 7
30160.0 4
30170.0 4
30180.0 3
30190.0 4
30200.0 5
30210.0 0
30220.0 4
30230.0 3
30240.0 3
30250.0 5
30260.0 5
30270.0 5
30280.0 0
30290.0 2
30300.0 5
30310.0 1
30320.0 0
30330.0 7
30340.0 7
30350.0 4
30360.0 3
30370.0 2
30380.0 2
30390.0 1
30400.0 7
30410.0 7
30420.0 7
30430.0 1
30440.0 2
30450.0 4
30460.0 1
30470.0 5
30480.0 3
30490.0 4
30500.0 3
30510.0 1
30520.0 3
30530.0 1
30540.0 5
30550.0 3
30560.0 5
30570.0 5
30580.0 2
30590.0 2
30600.0 4
30610.0 2
30620.0 5
30630.0 5
30640.0 1
30650.0 1
30660.0 5
30670.0 2
30680.0 3
30690.0 4
30700.0 4
30710.0 6
30720.0 1
30730.0 5
30740.0 5
30750.0 4
30760.0 8
30770.0 6
30780.0 4
30790.0 1
30800.0 7
30810.0 8
30820.0 2
30830.0 3
30840.0 5
30850.0 5
30860.0 5
30870.0 3
30880.0 7
30890.0 6
30900.0 1
30910.0 2
30920.0 8
30930.0 1
30940.0 1
30950.0 4
30960.0 2
30970.0 6
30980.0 7
30990.0 9
31000.0 7
31010.0 8
31020.0 5
31030.0 4
31040.0 4
31050.0 8
31060.0 8
31070.0 3
31080.0 4
31090.0 6
31100.0 5
31110.0 2
31120.0 5
31130.0 2
31140.0 1
31150.0 2
31160.0 4
31170.0 3
31180.0 6
31190.0 3
31200.0 1
31210.0 7
31220.0 3
31230.0 3
31240.0 1
31250.0 2
31260.0 4
31270.0 4
31280.0 5
31290.0 5
31300.0 4
31310.0 3
31320.0 5
31330.0 2
31340.0 3
31350.0 5
31360.0 2
31370.0 6
31380.0 5
31390.0 2
31400.0 6
31410.0 1
31420.0 6
31430.0 5
31440.0 6
31450.0 3
31460.0 1
31470.0 1
31480.0 4
31490.0 4
31500.0 1
31510.0 1
31520.0 6
31530.0 4
31540.0 6
31550.0 6
31560.0 6
31570.0 5
31580.0 5
31590.0 7
31600.0 8
31610.0 6
31620.0 6
31630.0 7
31640.0 7
31650.0 4
31660.0 7
31670.0 6
31680.0 7
31690.0 7
31700.0 1
31710.0 2
31720.0 1
31730.0 5
31740.0 3
31750.0 4
31760.0 5
31770.0 1
31780.0 1
31790.0 3
31800.0 5
31810.0 6
31820.0 8
31830.0 1
31840.0 3
31850.0 1
31860.0 3
31870.0 5
31880.0 7
31890.0 3
31900.0 4
31910.0 7
31920.0 4
31930.0 4
31940.0 5
31950.0 6
31960.0 4
31970.0 6
31980.0 1
31990.0 6
32000.0 4
32010.0 3
32020.0 3
32030.0 1
32040.0 7
32050.0 4
32060.0 9
32070.0 2
32080.0 5
32090.0 5
32100.0 6
32110.0 4
32120.0 4
32130.0 9
32140.0 6
32150.0 4
32160.0 7
32170.0 4
32180.0 1
32190.0 4
32200.0 5
32210.0 3
32220.0 4
32230.0 5
32240.0 1
32250.0 1
32260.0 4
32270.0 1
32280.0 4
32290.0 1
32300.0 5
32310.0 5
32320.0 6
32330.0 4
32340.0 2
32350.0 6
32360.0 4
32370.0 3
32380.0 3
32390.0 4
32400.0 4
32410.0 1
32420.0 1
32430.0 1
32440.0 7
32450.0 1
32460.0 4
32470.0 6
32480.0 3
32490.0 1
32500.0 6
32510.0 7
32520.0 5
32530.0 5
32540.0 2
32550.0 4
32560.0 7
32570.0 2
32580.0 2
32590.0 2
32600.0 7
32610.0 2
32620.0 3
32630.0 7
32640.0 6
32650.0 3
32660.0 3
32670.0 7
32680.0 7
32690.0 7
32700.0 6
32710.0 4
32720.0 7
32730.0 2
32740.0 1
32750.0 1
32760.0 6
32770.0 6
32780.0 2
32790.0 1
32800.0 4
32810.0 6
32820.0 7
32830.0 2
32840.0 8
32850.0 8
32860.0 8
32870.0 3
32880.0 3
32890.0 5
32900.0 7
32910.0 2
32920.0 5
32930.0 1
32940.0 1
32950.0 5
32960.0 2
32970.0 7
32980.0 6
32990.0 2
33000.0 1
33010.0 1
33020.0 7
33030.0 5
33040.0 7
33050.0 2
33060.0 3
33070.0 4
33080.0 1
33090.0 2
33100.0 5
33110.0 5
33120.0 3
33130.0 1
33140.0 3
33150.0 1
33160.0 1
33170.0 6
33180.0 4
33190.0 1
33200.0 4
33210.0 3
33220.0 5
33230.0 6
33240.0 3
33250.0 1
33260.0 2
33270.0 6
33280.0 6
33290.0 6
33300.0 7
33310.0 1
33320.0 3
33330.0 2
33340.0 6
33350.0 3
33360.0 4
33370.0 1
33380.0 7
33390.0 5
33400.0 5
33410.0 6
33420.0 6
33430.0 4
33440.0 7
33450.0 5
33460.0 8
33470.0 2
33480.0 4
33490.0 6
33500.0 4
33510.0 6
33520.0 8
33530.0 1
33540.0 1
33550.0 1
33560.0 3
33570.0 8
33580.0 7
33590.0 2
33600.0 3
33610.0 2
33620.0 1
33630.0 4
33640.0 2
33650.0 6
33660.0 4
33670.0 5
33680.0 6
33690.0 2
33700.0 4
33710.0 1
33720.0 5
33730.0 6
33740.0 3
33750.0 3
33760.0 3
33770.0 7
33780.0 4
33790.0 7
33800.0 1
33810.0 8
33820.0 7
33830.0 4
33840.0 7
33850.0 4
33860.0 5
33870.0 6
33880.0 7
33890.0 4
33900.0 2
33910.0 1
33920.0 7
33930.0 3
33940.0 3
33950.0 5
33960.0 1
33970.0 7
33980.0 6
33990.0 5
34000.0 7
34010.0 6
34020.0 7
34030.0 2
34040.0 2
34050.0 1
34060.0 2
34070.0 6
34080.0 2
34090.0 4
34100.0 5
34110.0 3
34120.0 6
34130.0 5
34140.0 6
34150.0 4
34160.0 5
34170.0 2
34180.0 4
34190.0 1
34200.0 3
34210.0 7
34220.0 7
34230.0 5
34240.0 7
34250.0 4
34260.0 2
34270.0 6
34280.0 6
34290.0 6
34300.0 4
34310.0 7
34320.0 2
34330.0 6
34340.0 7
34350.0 4
34360.0 6
34370.0 2
34380.0 4
34390.0 2
34400.0 1
34410.0 2
34420.0 1
34430.0 6
34440.0 3
34450.0 4
34460.0 6
34470.0 6
34480.0 5
34490.0 7
34500.0 7
34510.0 6
34520.0 6
34530.0 7
34540.0 1
34550.0 2
34560.0 5
34570.0 4
34580.0 1
34590.0 4
34600.0 5
34610.0 9
34620.0 7
34630.0 9
34640.0 4
34650.0 4
34660.0 8
34670.0 7
34680.0 5
34690.0 5
34700.0 3
34710.0 2
34720.0 6
34730.0 7
34740.0 2
34750.0 7
34760.0 1
34770.0 8
34780.0 1
34790.0 6
34800.0 4
34810.0 7
34820.0 2
34830.0 7
34840.0 3
34850.0 5
34860.0 5
34870.0 8
34880.0 7
34890.0 6
34900.0 1
34910.0 4
34920.0 4
34930.0 1
34940.0 8
34950.0 7
34960.0 9
34970.0 7
34980.0 2
34990.0 4
35000.0 4
35010.0 6
35020.0 1
35030.0 8
35040.0 8
35050.0 4
35060.0 5
35070.0 8
35080.0 7
35090.0 7
35100.0 2
35110.0 4
35120.0 9
35130.0 9
35140.0 5
35150.0 8
35160.0 5
35170.0 8
35180.0 6
35190.0 4
35200.0 4
35210.0 6
35220.0 6
35230.0 2
35240.0 5
35250.0 7
35260.0 1
35270.0 2
35280.0 4
35290.0 1
35300.0 1
35310.0 7
35320.0 7
35330.0 3
35340.0 3
35350.0 2
35360.0 3
35370.0 1
35380.0 1
35390.0 3
35400.0 7
35410.0 3
35420.0 1
35430.0 3
35440.0 7
35450.0 7
35460.0 7
35470.0 3
35480.0 5
35490.0 7
35500.0 4
35510.0 5
35520.0 5
35530.0 2
35540.0 2
35550.0 1
35560.0 6
35570.0 7
35580.0 1
35590.0 4
35600.0 1
35610.0 2
35620.0 3
35630.0 6
35640.0 7
35650.0 5
35660.0 2
35670.0 6
35680.0 5
35690.0 5
35700.0 1
35710.0 4
35720.0 4
35730.0 3
35740.0 5
35750.0 2
35760.0 2
35770.0 2
35780.0 4
35790.0 4
35800.0 6
35810.0 5
35820.0 1
35830.0 1
35840.0 2
35850.0 1
35860.0 6
35870.0 5
35880.0 5
35890.0 3
35900.0 3
35910.0 2
35920.0 2
35930.0 3
35940.0 6
35950.0 1
35960.0 3
35970.0 5
35980.0 3
35990.0 4
36000.0 1
36010.0 6
36020.0 2
36030.0 6
36040.0 3
36050.0 3
36060.0 1
36070.0 5
36080.0 4
36090.0 2
36100.0 6
36110.0 4
36120.0 3
36130.0 7
36140.0 3
36150.0 7
36160.0 6
36170.0 3
36180.0 7
36190.0 6
36200.0 5
36210.0 5
36220.0 5
36230.0 6
36240.0 7
36250.0 8
36260.0 5
36270.0 9
36280.0 7
36290.0 8
36300.0 7
36310.0 9
36320.0 4
36330.0 4
36340.0 6
36350.0 3
36360.0 5
36370.0 6
36380.0 4
36390.0 3
36400.0 9
36410.0 4
36420.0 3
36430.0 7
36440.0 7
36450.0 3
36460.0 8
36470.0 7
36480.0 4
36490.0 7
36500.0 6
36510.0 7
36520.0 4
36530.0 10
36540.0 4
36550.0 9
36560.0 8
36570.0 10
36580.0 6
36590.0 6
36600.0 8
36610.0 9
36620.0 10
36630.0 11
36640.0 10
36650.0 5
36660.0 5
36670.0 6
36680.0 3
36690.0 6
36700.0 4
36710.0 8
36720.0 4
36730.0 5
36740.0 7
36750.0 3
36760.0 5
36770.0 10
36780.0 6
36790.0 5
36800.0 4
36810.0 8
36820.0 6
36830.0 11
36840.0 4
36850.0 10
36860.0 10
36870.0 5
36880.0 3
36890.0 5
36900.0 8
36910.0 11
36920.0 8
36930.0 11
36940.0 9
36950.0 9
36960.0 4
36970.0 7
36980.0 4
36990.0 4
37000.0 6
37010.0 7
37020.0 6
37030.0 8
37040.0 5
37050.0 7
37060.0 3
37070.0 7
37080.0 8
37090.0 4
37100.0 3
37110.0 4
37120.0 5
37130.0 4
37140.0 6
37150.0 4
37160.0 8
37170.0 5
37180.0 8
37190.0 8
37200.0 4
37210.0 5
37220.0 8
37230.0 4
37240.0 5
37250.0 3
37260.0 8
37270.0 7
37280.0 5
37290.0 4
37300.0 4
37310.0 3
37320.0 6
37330.0 6
37340.0 6
37350.0 7
37360.0 5
37370.0 5
37380.0 6
37390.0 6
37400.0 7
37410.0 6
37420.0 5
37430.0 6
37440.0 6
37450.0 3
37460.0 3
37470.0 4
37480.0 5
37490.0 9
37500.0 7
37510.0 4
37520.0 6
37530.0 3
37540.0 8
37550.0 5
37560.0 7
37570.0 6
37580.0 8
37590.0 4
37600.0 8
37610.0 8
37620.0 9
37630.0 4
37640.0 2
37650.0 3
37660.0 8
37670.0 3
37680.0 2
37690.0 5
37700.0 6
37710.0 6
37720.0 3
37730.0 5
37740.0 5
37750.0 3
37760.0 4
37770.0 4
37780.0 6
37790.0 5
37800.0 3
37810.0 2
37820.0 5
37830.0 6
37840.0 5
37850.0 2
37860.0 7
37870.0 5
37880.0 4
37890.0 2
37900.0 3
37910.0 6
37920.0 5
37930.0 7
37940.0 4
37950.0 7
37960.0 6
37970.0 2
37980.0 5
37990.0 3
38000.0 7
38010.0 5
38020.0 5
38030.0 7
38040.0 5
38050.0 6
38060.0 6
38070.0 3
38080.0 3
38090.0 2
38100.0 5
38110.0 6
38120.0 6
38130.0 4
38140.0 4
38150.0 3
38160.0 4
38170.0 3
38180.0 3
38190.0 5
38200.0 2
38210.0 3
38220.0 5
38230.0 4
38240.0 3
38250.0 3
38260.0 6
38270.0 6
38280.0 3
38290.0 3
38300.0 2
38310.0 4
38320.0 2
38330.0 4
38340.0 5
38350.0 5
38360.0 5
38370.0 7
38380.0 2
38390.0 4
38400.0 2
38410.0 9
38420.0 7
38430.0 8
38440.0 3
38450.0 4
38460.0 7
38470.0 3
38480.0 7
38490.0 4
38500.0 2
38510.0 2
38520.0 5
38530.0 5
38540.0 6
38550.0 3
38560.0 4
38570.0 4
38580.0 5
38590.0 2
38600.0 6
38610.0 5
38620.0 6
38630.0 5
38640.0 5
38650.0 4
38660.0 3
38670.0 5
38680.0 5
38690.0 3
38700.0 5
38710.0 4
38720.0 5
38730.0 5
38740.0 3
38750.0 3
38760.0 3
38770.0 5
38780.0 2
38790.0 2
38800.0 3
38810.0 2
38820.0 6
38830.0 2
38840.0 4
38850.0 5
38860.0 6
38870.0 2
38880.0 6
38890.0 6
38900.0 5
38910.0 6
38920.0 2
38930.0 5
38940.0 4
38950.0 2
38960.0 3
38970.0 3
38980.0 4
38990.0 2
39000.0 6
39010.0 5
39020.0 5
39030.0 2
39040.0 2
39050.0 3
39060.0 3
39070.0 3
39080.0 3
39090.0 5
39100.0 4
39110.0 2
39120.0 2
39130.0 2
39140.0 3
39150.0 2
39160.0 2
39170.0 2
39180.0 4
39190.0 3
39200.0 4
39210.0 3
39220.0 6
39230.0 2
39240.0 6
39250.0 4
39260.0 3
39270.0 4
39280.0 3
39290.0 2
39300.0 4
39310.0 2
39320.0 6
39330.0 3
39340.0 5
39350.0 3
39360.0 4
39370.0 4
39380.0 2
39390.0 4
39400.0 3
39410.0 4
39420.0 3
39430.0 3
39440.0 4
39450.0 4
39460.0 5
39470.0 4
39480.0 5
39490.0 3
39500.0 4
39510.0 4
39520.0 4
39530.0 2
39540.0 2
39550.0 4
39560.0 2
39570.0 4
39580.0 2
39590.0 2
39600.0 3
39610.0 5
39620.0 3
39630.0 3
39640.0 4
39650.0 4
39660.0 4
39670.0 2
39680.0 2
39690.0 3
39700.0 4
39710.0 3
39720.0 4
39730.0 3
39740.0 3
39750.0 4
39760.0 2
39770.0 3
39780.0 3
39790.0 2
39800.0 4
39810.0 5
39820.0 3
39830.0 2
39840.0 3
39850.0 3
39860.0 2
39870.0 4
39880.0 6
39890.0 4
39900.0 5
39910.0 1
39920.0 4
39930.0 1
39940.0 4
39950.0 1
39960.0 3
39970.0 3
39980.0 2
39990.0 3
40000.0 3
40010.0 0
40020.0 0
40030.0 2
40040.0 1
40050.0 1
40060.0 0
40070.0 2
40080.0 1
40090.0 4
40100.0 3
40110.0 4
40120.0 2
40130.0 3
40140.0 0
40150.0 1
40160.0 1
40170.0 1
40180.0 2
40190.0 0
40200.0 1
40210.0 0
40220.0 1
40230.0 0
40240.0 0
40250.0 1
40260.0 1
40270.0 0
40280.0 1
40290.0 2
40300.0 0
40310.0 1
40320.0 2
40330.0 0
40340.0 0
40350.0 0
40360.0 1
40370.0 2
40380.0 1
40390.0 2
40400.0 0
40410.0 1
40420.0 2
40430.0 0
40440.0 1
40450.0 3
40460.0 0
40470.0 0
40480.0 0
40490.0 2
40500.0 0
40510.0 2
40520.0 1
40530.0 3
40540.0 2
40550.0 2
40560.0 0
40570.0 0
40580.0 0
40590.0 0
40600.0 1
40610.0 0
40620.0 0
40630.0 1
40640.0 1
40650.0 0
40660.0 0
40670.0 0
40680.0 0
40690.0 0
40700.0 0
40710.0 0
40720.0 1
40730.0 1
40740.0 0
40750.0 0
40760.0 1
40770.0 1
40780.0 0
40790.0 0
40800.0 0
40810.0 1
40820.0 1
40830.0 0
40840.0 0
40850.0 0
40860.0 1
40870.0 1
40880.0 1
40890.0 1
40900.0 0
40910.0 0
40920.0 0
40930.0 1
40940.0 1
40950.0 0
40960.0 0
40970.0 0
40980.0 0
40990.0 0
41000.0 0
41010.0 0
41020.0 1
41030.0 0
41040.0 1
41050.0 1
41060.0 3
41070.0 4
41080.0 1
41090.0 2
41100.0 2
41110.0 1
41120.0 2
41130.0 0
41140.0 0
41150.0 0
41160.0 0
41170.0 0
41180.0 1
41190.0 0
41200.0 1
41210.0 0
41220.0 0
41230.0 0
41240.0 1
41250.0 1
41260.0 0
41270.0 0
41280.0 0
41290.0 0
41300.0 0
41310.0 0
41320.0 1
41330.0 0
41340.0 0
41350.0 0
41360.0 0
41370.0 0
41380.0 1
41390.0 0
41400.0 1
41410.0 0
41420.0 0
41430.0 0
41440.0 0
41450.0 0
41460.0 0
41470.0 0
41480.0 0
41490.0 0
41500.0 1
41510.0 0
41520.0 1
41530.0 1
41540.0 0
41550.0 0
41560.0 0
41570.0 0
41580.0 1
41590.0 1
41600.0 0
41610.0 0
41620.0 0
41630.0 0
41640.0 0
41650.0 0
41660.0 0
41670.0 0
41680.0 0
41690.0 0
41700.0 0
41710.0 0
41720.0 0
41730.0 1
41740.0 0
41750.0 0
41760.0 0
41770.0 0
41780.0 0
41790.0 0
41800.0 1
41810.0 0
41820.0 0
41830.0 0
41840.0 0
41850.0 0
41860.0 0
41870.0 0
41880.0 0
41890.0 0
41900.0 0
41910.0 0
41920.0 1
41930.0 1
41940.0 1
41950.0 0
41960.0 0
41970.0 0
41980.0 0
41990.0 0
42000.0 0
42010.0 1
42020.0 1
42030.0 1
42040.0 0
42050.0 1
42060.0 0
42070.0 1
42080.0 1
42090.0 1
42100.0 1
42110.0 1
42120.0 2
42130.0 3
42140.0 1
42150.0 1
42160.0 0
42170.0 2
42180.0 0
42190.0 2
42200.0 1
42210.0 2
42220.0 1
42230.0 1
42240.0 1
42250.0 2
42260.0 1
42270.0 1
42280.0 1
42290.0 1
42300.0 1
42310.0 1
42320.0 2
42330.0 0
42340.0 1
42350.0 0
42360.0 1
42370.0 1
42380.0 0
42390.0 2
42400.0 2
42410.0 1
42420.0 1
42430.0 0
42440.0 1
42450.0 0
42460.0 1
42470.0 0
42480.0 1
42490.0 0
42500.0 2
42510.0 0
42520.0 0
42530.0 0
42540.0 0
42550.0 0
42560.0 0
42570.0 1
42580.0 1
42590.0 0
42600.0 0
42610.0 0
42620.0 1
42630.0 2
42640.0 2
42650.0 1
42660.0 2
42670.0 1
42680.0 0
42690.0 0
42700.0 1
42710.0 1
42720.0 0
42730.0 0
42740.0 1
42750.0 0
42760.0 0
42770.0 0
42780.0 0
42790.0 0
42800.0 0
42810.0 0
42820.0 0
42830.0 0
42840.0 0
42850.0 0
42860.0 0
42870.0 0
42880.0 0
42890.0 0
42900.0 0
42910.0 0
42920.0 0
42930.0 0
42940.0 0
42950.0 0
42960.0 0
42970.0 0
42980.0 0
42990.0 0
43000.0 0
43010.0 0
43020.0 0
43030.0 0
43040.0 0
43050.0 0
43060.0 0
43070.0 0
43080.0 0
43090.0 0
43100.0 0
43110.0 0
43120.0 0
43130.0 0
43140.0 0
43150.0 0
43160.0 0
43170.0 0
43180.0 0
43190.0 0
43200.0 0
43210.0 0
43220.0 0
43230.0 0
43240.0 0
43250.0 0
43260.0 0
43270.0 0
43280.0 0
43290.0 0
43300.0 0
43310.0 0
43320.0 0
43330.0 0
43340.0 0
43350.0 0
43360.0 0
43370.0 0
43380.0 1
43390.0 1
43400.0 1
43410.0 0
43420.0 0
43430.0 0
43440.0 0
43450.0 1
43460.0 0
43470.0 0
43480.0 0
43490.0 0
43500.0 0
43510.0 0
43520.0 1
43530.0 0
43540.0 0
43550.0 0
43560.0 0
43570.0 0
43580.0 0
43590.0 0
43600.0 0
43610.0 1
43620.0 0
43630.0 0
43640.0 1
43650.0 0
43660.0 1
43670.0 0
43680.0 0
43690.0 1
43700.0 1
43710.0 1
43720.0 0
43730.0 0
43740.0 0
43750.0 0
43760.0 0
43770.0 0
43780.0 0
43790.0 0
43800.0 0
43810.0 0
43820.0 0
43830.0 0
43840.0 0
43850.0 0
43860.0 0
43870.0 0
43880.0 0
43890.0 0
43900.0 0
43910.0 0
43920.0 0
43930.0 0
43940.0 0
43950.0 0
43960.0 0
43970.0 0
43980.0 0
43990.0 0
44000.0 0
44010.0 0
44020.0 0
44030.0 0
44040.0 0
44050.0 0
44060.0 0
44070.0 0
44080.0 0
44090.0 0
44100.0 0
44110.0 0
44120.0 0
44130.0 1
44140.0 1
44150.0 0
44160.0 1
44170.0 0
44180.0 0
44190.0 0
44200.0 0
44210.0 0
44220.0 0
44230.0 0
44240.0 0
44250.0 0
44260.0 0
44270.0 0
44280.0 1
44290.0 0
44300.0 0
44310.0 0
44320.0 0
44330.0 0
44340.0 0
44350.0 0
44360.0 0
44370.0 0
44380.0 0
44390.0 0
44400.0 0
44410.0 0
44420.0 0
44430.0 0
44440.0 0
44450.0 0
44460.0 1
44470.0 1
44480.0 1
44490.0 0
44500.0 0
44510.0 0
44520.0 0
44530.0 0
44540.0 0
44550.0 0
44560.0 0
44570.0 0
44580.0 0
44590.0 0
44600.0 0
44610.0 0
44620.0 0
44630.0 0
44640.0 0
44650.0 0
44660.0 0
44670.0 0
44680.0 0
44690.0 0
44700.0 0
44710.0 0
44720.0 0
44730.0 0
44740.0 0
44750.0 0
44760.0 0
44770.0 0
44780.0 0
44790.0 0
44800.0 0
44810.0 0
44820.0 0
44830.0 0
44840.0 0
44850.0 0
44860.0 0
44870.0 0
44880.0 0
44890.0 0
44900.0 0
44910.0 0
44920.0 0
44930.0 0
44940.0 0
44950.0 0
44960.0 0
44970.0 0
44980.0 0
44990.0 0
45000.0 0
45010.0 0
45020.0 0
45030.0 0
45040.0 0
45050.0 0
45060.0 0
45070.0 0
45080.0 0
45090.0 0
45100.0 0
45110.0 0
45120.0 0
45130.0 0
45140.0 0
45150.0 0
45160.0 0
45170.0 0
45180.0 0
45190.0 1
45200.0 1
45210.0 1
45220.0 0
45230.0 0
45240.0 0
45250.0 0
45260.0 0
45270.0 0
45280.0 0
45290.0 1
45300.0 0
45310.0 0
45320.0 1
45330.0 1
45340.0 0
45350.0 0
45360.0 0
45370.0 0
45380.0 0
45390.0 0
45400.0 0
45410.0 0
45420.0 0
45430.0 0
45440.0 0
45450.0 0
45460.0 0
45470.0 0
45480.0 0
45490.0 0
45500.0 0
45510.0 0
45520.0 0
45530.0 0
45540.0 0
45550.0 0
45560.0 0
45570.0 0
45580.0 0
45590.0 0
45600.0 0
45610.0 0
45620.0 0
45630.0 0
45640.0 0
45650.0 0
45660.0 0
45670.0 0
45680.0 0
45690.0 0
45700.0 0
45710.0 0
45720.0 0
45730.0 0
45740.0 0
45750.0 0
45760.0 0
45770.0 0
45780.0 0
45790.0 0
45800.0 0
45810.0 0
45820.0 0
45830.0 0
45840.0 0
45850.0 0
45860.0 0
45870.0 0
45880.0 0
45890.0 0
45900.0 0
45910.0 0
45950.0 0
45960.0 0
45970.0 0
45980.0 0
45990.0 1
46000.0 0
46010.0 0
46020.0 1
46030.0 0
46110.0 0
46120.0 0
46130.0 0
46140.0 0
46150.0 0
46160.0 0
46200.0 0
46210.0 0
46220.0 0
46230.0 0
46240.0 0
46380.0 0
46390.0 0
46400.0 0
46410.0 2
46420.0 1
46430.0 1
46510.0 0
46520.0 0
46530.0 1
46540.0 1
46550.0 1
