0.0 0
100.0 0
200.0 0
300.0 1
400.0 1
500.0 3
600.0 4
700.0 4
800.0 5
900.0 10
1000.0 15
1100.0 17
1200.0 18
1300.0 18
1400.0 18
1500.0 18
1600.0 18
1700.0 18
1800.0 18
1900.0 18
2000.0 18
2100.0 18
2200.0 18
2300.0 18
2400.0 18
2500.0 18
2600.0 18
2700.0 18
2800.0 18
2900.0 19
3000.0 19
3100.0 19
3200.0 19
3300.0 19
3400.0 19
3500.0 19
3600.0 19
3700.0 19
3800.0 19
3900.0 19
4000.0 19
4100.0 19
4200.0 19
4300.0 19
4400.0 19
4500.0 19
4600.0 19
4700.0 19
4800.0 19
4900.0 19
5000.0 19
5100.0 19
5200.0 19
5300.0 19
5400.0 19
5500.0 19
5600.0 19
5700.0 19
5800.0 19
5900.0 19
6000.0 19
6100.0 19
6200.0 19
6300.0 19
6400.0 19
6500.0 19
6600.0 19
6700.0 19
6800.0 19
6900.0 19
7000.0 19
7100.0 19
7200.0 19
7300.0 19
7400.0 19
7500.0 19
7600.0 19
7700.0 19
7800.0 18
7900.0 16
8000.0 15
8100.0 15
8200.0 15
8300.0 10
8400.0 4
8500.0 4
8600.0 4
8700.0 8
8800.0 9
8900.0 10
9000.0 10
9100.0 10
9200.0 10
9300.0 10
9400.0 10
9500.0 10
9600.0 11
9700.0 11
9800.0 11
9900.0 11
10000.0 11
10100.0 11
10200.0 11
10300.0 11
10400.0 11
10500.0 11
10600.0 11
10700.0 11
10800.0 11
10900.0 11
11000.0 11
11100.0 11
11200.0 11
11300.0 11
11400.0 11
11500.0 11
11600.0 11
11700.0 11
11800.0 11
11900.0 11
12000.0 11
12100.0 11
12200.0 11
12300.0 11
12400.0 11
12500.0 11
12600.0 11
12700.0 11
12800.0 11
12900.0 11
13000.0 11
13100.0 11
13200.0 11
13300.0 11
13400.0 11
13500.0 11
13600.0 11
13700.0 11
13800.0 11
13900.0 11
14000.0 11
14100.0 11
14200.0 11
14300.0 11
14400.0 11
14500.0 11
14600.0 11
14700.0 11
14800.0 11
14900.0 11
15000.0 11
15100.0 11
15200.0 11
15300.0 11
15400.0 11
15500.0 10
15600.0 10
15700.0 10
15800.0 10
15900.0 9
16000.0 5
16100.0 4
16200.0 3
16300.0 3
16400.0 3
16500.0 3
16600.0 3
16700.0 3
16800.0 3
16900.0 2
17000.0 2
17100.0 2
17200.0 2
17300.0 2
17400.0 2
17500.0 2
17600.0 2
17700.0 2
17800.0 2
17900.0 2
18000.0 2
18100.0 2
18200.0 2
18300.0 2
18400.0 2
18500.0 2
18600.0 2
18700.0 2
18800.0 2
18900.0 2
19000.0 2
19100.0 2
19200.0 2
19300.0 2
19400.0 2
19500.0 2
19600.0 2
19700.0 2
19800.0 2
19900.0 2
20000.0 2
20100.0 2
20200.0 2
20300.0 2
20400.0 2
20500.0 2
20600.0 2
20700.0 2
20800.0 2
20900.0 3
21000.0 3
21100.0 4
21200.0 4
21300.0 4
21400.0 6
21500.0 6
21600.0 6
21700.0 7
21800.0 7
21900.0 7
22000.0 7
22100.0 6
22200.0 6
22300.0 6
22400.0 6
22500.0 6
22600.0 7
22700.0 7
22800.0 7
22900.0 7
23000.0 7
23100.0 7
23200.0 7
23300.0 7
23400.0 7
23500.0 7
23600.0 7
23700.0 7
23800.0 7
23900.0 7
24000.0 6
24100.0 6
24200.0 6
24300.0 6
24400.0 6
24500.0 6
24600.0 6
24700.0 6
24800.0 6
24900.0 6
25000.0 6
25100.0 6
25200.0 6
25300.0 6
25400.0 8
25500.0 8
25600.0 8
25700.0 8
25800.0 8
25900.0 8
26000.0 8
26100.0 8
26200.0 8
26300.0 8
26400.0 8
26500.0 8
26600.0 8
26700.0 8
26800.0 8
26900.0 8
27000.0 8
27100.0 8
27200.0 8
27300.0 8
27400.0 8
27500.0 8
27600.0 8
27700.0 8
27800.0 8
27900.0 8
28000.0 8
28100.0 8
28200.0 8
28300.0 8
28400.0 8
28500.0 8
28600.0 8
28700.0 7
28800.0 7
28900.0 7
29000.0 7
29100.0 6
29200.0 8
29300.0 8
29400.0 8
29500.0 7
29600.0 7
29700.0 7
29800.0 7
29900.0 7
30000.0 7
30100.0 7
30200.0 7
30300.0 7
30400.0 7
30500.0 7
30600.0 7
30700.0 7
30800.0 7
30900.0 7
31000.0 7
31100.0 7
31200.0 6
31300.0 6
31400.0 6
31500.0 6
31600.0 6
31700.0 6
31800.0 6
31900.0 6
32000.0 6
32100.0 6
32200.0 6
32300.0 6
32400.0 6
32500.0 6
32600.0 6
32700.0 6
32800.0 6
32900.0 6
33000.0 6
33100.0 6
33200.0 6
33300.0 6
33400.0 6
33500.0 6
33600.0 6
33700.0 6
33800.0 6
33900.0 6
34000.0 6
34100.0 6
34200.0 6
34300.0 6
34400.0 6
34500.0 6
34600.0 6
34700.0 6
34800.0 6
34900.0 6
35000.0 5
35100.0 5
35200.0 5
35300.0 5
35400.0 4
35500.0 4
35600.0 4
35700.0 4
35800.0 4
35900.0 3
36000.0 3
36100.0 3
36200.0 3
36300.0 3
36400.0 2
36500.0 2
36600.0 2
36700.0 2
36800.0 2
36900.0 2
37000.0 2
37100.0 2
37200.0 2
37300.0 2
37400.0 2
37500.0 2
37600.0 2
37700.0 2
37800.0 2
37900.0 2
38000.0 2
38100.0 2
38200.0 2
38300.0 2
38400.0 2
38500.0 2
38600.0 2
38700.0 2
38800.0 2
38900.0 2
39000.0 2
39100.0 2
39200.0 2
39300.0 2
39400.0 2
39500.0 2
39600.0 2
39700.0 2
39800.0 2
39900.0 2
40000.0 2
40100.0 2
40200.0 2
40300.0 2
40400.0 2
40500.0 2
40600.0 2
40700.0 2
40800.0 2
40900.0 2
41000.0 2
41100.0 2
41200.0 2
41300.0 2
41400.0 2
41500.0 2
41600.0 2
41700.0 2
41800.0 2
41900.0 2
42000.0 2
42100.0 2
42200.0 2
42300.0 2
42400.0 2
42500.0 2
42600.0 2
42700.0 2
42800.0 2
42900.0 2
43000.0 2
43100.0 2
43200.0 1
44000.0 1
44100.0 1
