0.0 0
100.0 2
200.0 1
300.0 2
400.0 3
500.0 1
600.0 1
700.0 1
800.0 1
900.0 3
1000.0 5
1100.0 3
1200.0 5
1300.0 4
1400.0 3
1500.0 4
1600.0 2
1700.0 4
1800.0 4
1900.0 3
2000.0 4
2100.0 4
2200.0 3
2300.0 2
2400.0 2
2500.0 3
2600.0 3
2700.0 3
2800.0 4
2900.0 4
3000.0 2
3100.0 4
3200.0 4
3300.0 2
3400.0 2
3500.0 2
3600.0 2
3700.0 6
3800.0 5
3900.0 3
4000.0 2
4100.0 6
4200.0 2
4300.0 5
4400.0 2
4500.0 4
4600.0 3
4700.0 3
4800.0 3
4900.0 6
5000.0 4
5100.0 3
5200.0 2
5300.0 3
5400.0 2
5500.0 2
5600.0 4
5700.0 4
5800.0 3
5900.0 3
6000.0 4
6100.0 2
6200.0 4
6300.0 2
6400.0 3
6500.0 4
6600.0 6
6700.0 4
6800.0 3
6900.0 4
7000.0 3
7100.0 2
7200.0 4
7300.0 4
7400.0 5
7500.0 4
7600.0 4
7700.0 3
7800.0 2
7900.0 2
8000.0 3
8100.0 5
8200.0 5
8300.0 5
8400.0 5
8500.0 8
8600.0 5
8700.0 6
8800.0 5
8900.0 2
9000.0 2
9100.0 5
9200.0 6
9300.0 3
9400.0 5
9500.0 2
9600.0 2
9700.0 6
9800.0 2
9900.0 5
10000.0 2
10100.0 2
10200.0 3
10300.0 2
10400.0 5
10500.0 4
10600.0 2
10700.0 6
10800.0 2
10900.0 2
11000.0 4
11100.0 2
11200.0 5
11300.0 4
11400.0 2
11500.0 2
11600.0 5
11700.0 6
11800.0 3
11900.0 2
12000.0 5
12100.0 4
12200.0 4
12300.0 3
12400.0 3
12500.0 3
12600.0 5
12700.0 4
12800.0 5
12900.0 4
13000.0 3
13100.0 5
13200.0 3
13300.0 2
13400.0 4
13500.0 2
13600.0 5
13700.0 3
13800.0 4
13900.0 3
14000.0 5
14100.0 8
14200.0 5
14300.0 2
14400.0 4
14500.0 6
14600.0 2
14700.0 5
14800.0 5
14900.0 2
15000.0 3
15100.0 5
15200.0 6
15300.0 2
15400.0 5
15500.0 3
15600.0 4
15700.0 2
15800.0 4
15900.0 2
16000.0 4
16100.0 1
16200.0 3
16300.0 2
16400.0 2
16500.0 1
16600.0 3
16700.0 3
16800.0 1
16900.0 1
17000.0 3
17100.0 3
17200.0 1
17300.0 1
17400.0 1
17500.0 1
17600.0 2
17700.0 2
17800.0 2
17900.0 1
18000.0 1
18100.0 1
18200.0 1
18300.0 1
18400.0 2
18500.0 1
18600.0 2
18700.0 1
18800.0 1
18900.0 1
19000.0 1
19100.0 1
19200.0 1
19300.0 1
19400.0 2
19500.0 2
19600.0 2
19700.0 2
19800.0 2
19900.0 1
20000.0 1
20100.0 1
20200.0 1
20300.0 1
20400.0 3
20500.0 2
20600.0 1
20700.0 3
20800.0 5
20900.0 3
21000.0 3
21100.0 2
21200.0 2
21300.0 4
21400.0 5
21500.0 4
21600.0 1
21700.0 2
21800.0 5
21900.0 1
22000.0 6
22100.0 4
22200.0 2
22300.0 1
22400.0 4
22500.0 1
22600.0 7
22700.0 5
22800.0 1
22900.0 1
23000.0 5
23100.0 5
23200.0 3
23300.0 5
23400.0 6
23500.0 3
23600.0 5
23700.0 5
23800.0 8
23900.0 2
24000.0 5
24100.0 1
24200.0 1
24300.0 5
24400.0 4
24500.0 5
24600.0 6
24700.0 6
24800.0 2
24900.0 3
25000.0 4
25100.0 5
25200.0 4
25300.0 5
25400.0 4
25500.0 5
25600.0 3
25700.0 1
25800.0 3
25900.0 6
26000.0 5
26100.0 5
26200.0 6
26300.0 5
26400.0 2
26500.0 1
26600.0 3
26700.0 3
26800.0 4
26900.0 5
27000.0 6
27100.0 5
27200.0 5
27300.0 5
27400.0 4
27500.0 6
27600.0 7
27700.0 5
27800.0 6
27900.0 2
28000.0 1
28100.0 5
28200.0 3
28300.0 5
28400.0 1
28500.0 1
28600.0 2
28700.0 1
28800.0 1
28900.0 4
29000.0 1
29100.0 3
29200.0 2
29300.0 2
29400.0 2
29500.0 4
29600.0 5
29700.0 5
29800.0 5
29900.0 1
30000.0 2
30100.0 3
30200.0 3
30300.0 4
30400.0 4
30500.0 1
30600.0 3
30700.0 4
30800.0 3
30900.0 3
31000.0 2
31100.0 4
31200.0 4
31300.0 5
31400.0 4
31500.0 1
31600.0 3
31700.0 4
31800.0 7
31900.0 5
32000.0 1
32100.0 6
32200.0 2
32300.0 4
32400.0 2
32500.0 1
32600.0 4
32700.0 3
32800.0 4
32900.0 5
33000.0 5
33100.0 1
33200.0 2
33300.0 1
33400.0 4
33500.0 3
33600.0 3
33700.0 3
33800.0 4
33900.0 1
34000.0 1
34100.0 4
34200.0 1
34300.0 4
34400.0 6
34500.0 1
34600.0 2
34700.0 4
34800.0 4
34900.0 3
35000.0 4
35100.0 2
35200.0 4
35300.0 3
35400.0 3
35500.0 3
35600.0 1
35700.0 1
35800.0 4
35900.0 1
36000.0 4
36100.0 3
36200.0 3
36300.0 3
36400.0 4
36500.0 3
36600.0 2
36700.0 1
36800.0 4
36900.0 2
37000.0 4
37100.0 4
37200.0 5
37300.0 3
37400.0 3
37500.0 2
37600.0 2
37700.0 2
37800.0 4
37900.0 4
38000.0 1
38100.0 5
38200.0 3
38300.0 4
38400.0 1
38500.0 1
38600.0 2
38700.0 1
38800.0 2
38900.0 3
39000.0 3
39100.0 5
39200.0 2
39300.0 3
39400.0 2
39500.0 3
39600.0 2
39700.0 2
39800.0 2
39900.0 2
40000.0 5
40100.0 3
40200.0 1
40300.0 1
40400.0 1
40500.0 1
40600.0 1
40700.0 1
40800.0 2
40900.0 2
41000.0 1
41100.0 1
41200.0 1
41300.0 1
41400.0 1
41500.0 1
41600.0 1
41700.0 1
41800.0 1
41900.0 1
42000.0 1
42100.0 1
42200.0 2
42300.0 1
42400.0 1
42500.0 1
42600.0 1
42700.0 2
42800.0 1
42900.0 1
43000.0 1
43100.0 1
43200.0 1
43300.0 1
43800.0 1
