0.0 0
10.0 4
20.0 5
30.0 4
40.0 4
50.0 5
60.0 4
70.0 2
80.0 2
90.0 1
100.0 0
110.0 6
120.0 5
130.0 3
140.0 3
150.0 0
160.0 0
170.0 5
180.0 3
190.0 0
200.0 0
210.0 0
220.0 2
230.0 0
240.0 1
250.0 1
260.0 0
270.0 0
280.0 0
290.0 0
300.0 2
310.0 0
320.0 1
330.0 4
340.0 2
350.0 0
360.0 1
370.0 1
380.0 7
390.0 3
400.0 3
410.0 4
420.0 1
430.0 2
440.0 2
450.0 0
460.0 0
470.0 1
480.0 0
490.0 0
500.0 1
510.0 0
520.0 0
530.0 0
540.0 1
550.0 1
560.0 1
570.0 0
580.0 0
590.0 1
600.0 0
610.0 1
620.0 1
630.0 1
640.0 1
650.0 0
660.0 2
670.0 1
680.0 1
690.0 1
700.0 1
710.0 0
720.0 2
730.0 2
740.0 3
750.0 0
760.0 3
770.0 1
780.0 0
790.0 1
800.0 0
810.0 0
820.0 1
830.0 1
840.0 0
850.0 1
860.0 0
870.0 1
880.0 0
890.0 2
900.0 6
910.0 7
920.0 0
930.0 3
940.0 1
950.0 4
960.0 2
970.0 2
980.0 3
990.0 0
1000.0 4
1010.0 4
1020.0 0
1030.0 1
1040.0 3
1050.0 4
1060.0 4
1070.0 6
1080.0 0
1090.0 4
1100.0 3
1110.0 2
1120.0 4
1130.0 4
1140.0 2
1150.0 2
1160.0 3
1170.0 0
1180.0 1
1190.0 1
1200.0 1
1210.0 1
1220.0 0
1230.0 0
1240.0 2
1250.0 2
1260.0 1
1270.0 2
1280.0 0
1290.0 1
1300.0 2
1310.0 2
1320.0 2
1330.0 2
1340.0 0
1350.0 1
1360.0 0
1370.0 1
1380.0 3
1390.0 3
1400.0 2
1410.0 1
1420.0 2
1430.0 0
1440.0 2
1450.0 1
1460.0 0
1470.0 1
1480.0 1
1490.0 0
1500.0 2
1510.0 0
1520.0 0
1530.0 0
1540.0 0
1550.0 2
1560.0 1
1570.0 1
1580.0 0
1590.0 1
1600.0 0
1610.0 2
1620.0 3
1630.0 1
1640.0 0
1650.0 1
1660.0 2
1670.0 1
1680.0 2
1690.0 2
1700.0 2
1710.0 2
1720.0 1
1730.0 0
1740.0 2
1750.0 0
1760.0 0
1770.0 1
1780.0 1
1790.0 2
1800.0 3
1810.0 1
1820.0 1
1830.0 1
1840.0 3
1850.0 3
1860.0 0
1870.0 1
1880.0 3
1890.0 0
1900.0 0
1910.0 0
1920.0 1
1930.0 2
1940.0 2
1950.0 1
1960.0 1
1970.0 1
1980.0 2
1990.0 0
2000.0 0
2010.0 1
2020.0 0
2030.0 2
2040.0 1
2050.0 1
2060.0 2
2070.0 0
2080.0 0
2090.0 0
2100.0 2
2110.0 2
2120.0 0
2130.0 2
2140.0 2
2150.0 1
2160.0 2
2170.0 1
2180.0 1
2190.0 3
2200.0 2
2210.0 1
2220.0 3
2230.0 3
2240.0 2
2250.0 2
2260.0 0
2270.0 1
2280.0 0
2290.0 2
2300.0 0
2310.0 0
2320.0 1
2330.0 1
2340.0 0
2350.0 0
2360.0 1
2370.0 4
2380.0 2
2390.0 4
2400.0 0
2410.0 0
2420.0 3
2430.0 0
2440.0 1
2450.0 1
2460.0 2
2470.0 3
2480.0 3
2490.0 3
2500.0 1
2510.0 0
2520.0 2
2530.0 0
2540.0 0
2550.0 2
2560.0 0
2570.0 3
2580.0 0
2590.0 3
2600.0 2
2610.0 1
2620.0 2
2630.0 2
2640.0 2
2650.0 0
2660.0 1
2670.0 0
2680.0 0
2690.0 0
2700.0 1
2710.0 0
2720.0 1
2730.0 0
2740.0 2
2750.0 3
2760.0 1
2770.0 3
2780.0 0
2790.0 3
2800.0 3
2810.0 4
2820.0 3
2830.0 2
2840.0 2
2850.0 0
2860.0 0
2870.0 0
2880.0 2
2890.0 2
2900.0 2
2910.0 0
2920.0 1
2930.0 1
2940.0 2
2950.0 1
2960.0 0
2970.0 0
2980.0 2
2990.0 0
3000.0 0
3010.0 0
3020.0 2
3030.0 0
3040.0 0
3050.0 3
3060.0 1
3070.0 0
3080.0 2
3090.0 2
3100.0 4
3110.0 1
3120.0 2
3130.0 1
3140.0 0
3150.0 2
3160.0 1
3170.0 4
3180.0 1
3190.0 4
3200.0 2
3210.0 3
3220.0 2
3230.0 4
3240.0 1
3250.0 0
3260.0 0
3270.0 0
3280.0 2
3290.0 1
3300.0 1
3310.0 0
3320.0 2
3330.0 0
3340.0 3
3350.0 2
3360.0 3
3370.0 0
3380.0 1
3390.0 2
3400.0 0
3410.0 0
3420.0 1
3430.0 1
3440.0 2
3450.0 3
3460.0 3
3470.0 1
3480.0 2
3490.0 1
3500.0 0
3510.0 0
3520.0 0
3530.0 2
3540.0 1
3550.0 1
3560.0 0
3570.0 2
3580.0 0
3590.0 1
3600.0 0
3610.0 3
3620.0 1
3630.0 0
3640.0 0
3650.0 1
3660.0 2
3670.0 2
3680.0 1
3690.0 2
3700.0 0
3710.0 3
3720.0 3
3730.0 1
3740.0 2
3750.0 1
3760.0 2
3770.0 2
3780.0 2
3790.0 0
3800.0 1
3810.0 2
3820.0 2
3830.0 0
3840.0 2
3850.0 2
3860.0 1
3870.0 1
3880.0 0
3890.0 0
3900.0 0
3910.0 2
3920.0 2
3930.0 2
3940.0 0
3950.0 1
3960.0 1
3970.0 2
3980.0 3
3990.0 1
4000.0 0
4010.0 0
4020.0 3
4030.0 0
4040.0 2
4050.0 0
4060.0 0
4070.0 3
4080.0 2
4090.0 3
4100.0 2
4110.0 0
4120.0 3
4130.0 3
4140.0 0
4150.0 1
4160.0 3
4170.0 2
4180.0 0
4190.0 3
4200.0 2
4210.0 4
4220.0 0
4230.0 0
4240.0 3
4250.0 3
4260.0 0
4270.0 1
4280.0 0
4290.0 0
4300.0 2
4310.0 2
4320.0 1
4330.0 3
4340.0 1
4350.0 2
4360.0 2
4370.0 2
4380.0 1
4390.0 2
4400.0 0
4410.0 2
4420.0 1
4430.0 2
4440.0 0
4450.0 1
4460.0 1
4470.0 3
4480.0 3
4490.0 2
4500.0 1
4510.0 2
4520.0 3
4530.0 2
4540.0 0
4550.0 2
4560.0 1
4570.0 0
4580.0 1
4590.0 1
4600.0 2
4610.0 0
4620.0 2
4630.0 2
4640.0 1
4650.0 2
4660.0 2
4670.0 2
4680.0 0
4690.0 0
4700.0 0
4710.0 1
4720.0 1
4730.0 1
4740.0 1
4750.0 3
4760.0 0
4770.0 2
4780.0 1
4790.0 2
4800.0 1
4810.0 1
4820.0 3
4830.0 1
4840.0 2
4850.0 3
4860.0 0
4870.0 0
4880.0 1
4890.0 2
4900.0 2
4910.0 2
4920.0 0
4930.0 1
4940.0 1
4950.0 1
4960.0 3
4970.0 3
4980.0 3
4990.0 4
5000.0 1
5010.0 0
5020.0 0
5030.0 1
5040.0 0
5050.0 0
5060.0 3
5070.0 1
5080.0 3
5090.0 0
5100.0 0
5110.0 3
5120.0 2
5130.0 3
5140.0 3
5150.0 3
5160.0 1
5170.0 3
5180.0 2
5190.0 2
5200.0 0
5210.0 0
5220.0 2
5230.0 1
5240.0 0
5250.0 1
5260.0 3
5270.0 3
5280.0 2
5290.0 2
5300.0 2
5310.0 0
5320.0 3
5330.0 1
5340.0 0
5350.0 1
5360.0 1
5370.0 2
5380.0 0
5390.0 2
5400.0 1
5410.0 0
5420.0 2
5430.0 4
5440.0 3
5450.0 1
5460.0 3
5470.0 3
5480.0 4
5490.0 3
5500.0 0
5510.0 1
5520.0 0
5530.0 0
5540.0 0
5550.0 3
5560.0 2
5570.0 0
5580.0 0
5590.0 2
5600.0 2
5610.0 1
5620.0 3
5630.0 2
5640.0 0
5650.0 1
5660.0 2
5670.0 1
5680.0 2
5690.0 2
5700.0 0
5710.0 2
5720.0 1
5730.0 2
5740.0 0
5750.0 0
5760.0 0
5770.0 2
5780.0 1
5790.0 0
5800.0 1
5810.0 1
5820.0 2
5830.0 0
5840.0 0
5850.0 0
5860.0 1
5870.0 1
5880.0 0
5890.0 1
5900.0 1
5910.0 0
5920.0 2
5930.0 0
5940.0 1
5950.0 1
5960.0 1
5970.0 1
5980.0 2
5990.0 2
6000.0 1
6010.0 1
6020.0 2
6030.0 2
6040.0 1
6050.0 2
6060.0 2
6070.0 1
6080.0 0
6090.0 1
6100.0 0
6110.0 1
6120.0 3
6130.0 2
6140.0 2
6150.0 0
6160.0 2
6170.0 1
6180.0 0
6190.0 0
6200.0 2
6210.0 2
6220.0 0
6230.0 3
6240.0 2
6250.0 0
6260.0 1
6270.0 2
6280.0 1
6290.0 1
6300.0 0
6310.0 1
6320.0 1
6330.0 2
6340.0 0
6350.0 1
6360.0 1
6370.0 0
6380.0 2
6390.0 0
6400.0 1
6410.0 2
6420.0 3
6430.0 2
6440.0 3
6450.0 0
6460.0 2
6470.0 0
6480.0 0
6490.0 0
6500.0 2
6510.0 2
6520.0 0
6530.0 1
6540.0 1
6550.0 2
6560.0 2
6570.0 2
6580.0 0
6590.0 0
6600.0 2
6610.0 2
6620.0 0
6630.0 2
6640.0 2
6650.0 0
6660.0 0
6670.0 0
6680.0 1
6690.0 0
6700.0 2
6710.0 2
6720.0 0
6730.0 2
6740.0 1
6750.0 1
6760.0 3
6770.0 2
6780.0 0
6790.0 1
6800.0 0
6810.0 1
6820.0 3
6830.0 0
6840.0 3
6850.0 0
6860.0 0
6870.0 0
6880.0 0
6890.0 0
6900.0 0
6910.0 1
6920.0 3
6930.0 1
6940.0 1
6950.0 0
6960.0 3
6970.0 1
6980.0 0
6990.0 0
7000.0 1
7010.0 0
7020.0 0
7030.0 0
7040.0 0
7050.0 1
7060.0 2
7070.0 2
7080.0 0
7090.0 2
7100.0 1
7110.0 1
7120.0 0
7130.0 2
7140.0 0
7150.0 3
7160.0 1
7170.0 3
7180.0 0
7190.0 1
7200.0 1
7210.0 1
7220.0 1
7230.0 0
7240.0 2
7250.0 1
7260.0 2
7270.0 0
7280.0 2
7290.0 2
7300.0 1
7310.0 3
7320.0 1
7330.0 2
7340.0 1
7350.0 2
7360.0 1
7370.0 2
7380.0 1
7390.0 0
7400.0 2
7410.0 1
7420.0 1
7430.0 1
7440.0 0
7450.0 2
7460.0 2
7470.0 0
7480.0 1
7490.0 1
7500.0 2
7510.0 1
7520.0 0
7530.0 1
7540.0 1
7550.0 1
7560.0 2
7570.0 0
7580.0 1
7590.0 0
7600.0 2
7610.0 1
7620.0 0
7630.0 0
7640.0 0
7650.0 2
7660.0 0
7670.0 0
7680.0 2
7690.0 1
7700.0 0
7710.0 2
7720.0 1
7730.0 1
7740.0 1
7750.0 1
7760.0 3
7770.0 1
7780.0 1
7790.0 2
7800.0 0
7810.0 1
7820.0 2
7830.0 0
7840.0 1
7850.0 2
7860.0 3
7870.0 1
7880.0 1
7890.0 3
7900.0 0
7910.0 0
7920.0 0
7930.0 1
7940.0 2
7950.0 2
7960.0 2
7970.0 2
7980.0 0
7990.0 3
8000.0 1
8010.0 1
8020.0 1
8030.0 1
8040.0 0
8050.0 2
8060.0 2
8070.0 1
8080.0 2
8090.0 0
8100.0 2
8110.0 2
8120.0 2
8130.0 0
8140.0 2
8150.0 1
8160.0 0
8170.0 2
8180.0 1
8190.0 2
8200.0 4
8210.0 1
8220.0 1
8230.0 2
8240.0 1
8250.0 2
8260.0 0
8270.0 0
8280.0 0
8290.0 0
8300.0 0
8310.0 0
8320.0 1
8330.0 2
8340.0 1
8350.0 5
8360.0 4
8370.0 4
8380.0 0
8390.0 4
8400.0 0
8410.0 2
8420.0 0
8430.0 5
8440.0 3
8450.0 0
8460.0 6
8470.0 6
8480.0 2
8490.0 1
8500.0 4
8510.0 2
8520.0 3
8530.0 1
8540.0 1
8550.0 3
8560.0 5
8570.0 5
8580.0 3
8590.0 0
8600.0 2
8610.0 3
8620.0 2
8630.0 1
8640.0 4
8650.0 0
8660.0 6
8670.0 1
8680.0 2
8690.0 6
8700.0 8
8710.0 9
8720.0 7
8730.0 4
8740.0 4
8750.0 2
8760.0 7
8770.0 7
8780.0 5
8790.0 6
8800.0 6
8810.0 1
8820.0 5
8830.0 4
8840.0 2
8850.0 4
8860.0 7
8870.0 2
8880.0 5
8890.0 1
8900.0 3
8910.0 8
8920.0 3
8930.0 4
8940.0 2
8950.0 8
8960.0 6
8970.0 10
8980.0 8
8990.0 9
9000.0 3
9010.0 8
9020.0 4
9030.0 1
9040.0 2
9050.0 6
9060.0 9
9070.0 1
9080.0 1
9090.0 8
9100.0 8
9110.0 5
9120.0 3
9130.0 8
9140.0 2
9150.0 6
9160.0 2
9170.0 7
9180.0 2
9190.0 4
9200.0 7
9210.0 4
9220.0 5
9230.0 1
9240.0 8
9250.0 2
9260.0 3
9270.0 3
9280.0 3
9290.0 8
9300.0 5
9310.0 2
9320.0 3
9330.0 4
9340.0 2
9350.0 3
9360.0 4
9370.0 9
9380.0 8
9390.0 7
9400.0 6
9410.0 10
9420.0 2
9430.0 7
9440.0 9
9450.0 2
9460.0 8
9470.0 9
9480.0 6
9490.0 4
9500.0 9
9510.0 6
9520.0 7
9530.0 6
9540.0 1
9550.0 5
9560.0 3
9570.0 10
9580.0 3
9590.0 3
9600.0 2
9610.0 4
9620.0 6
9630.0 5
9640.0 4
9650.0 6
9660.0 4
9670.0 4
9680.0 2
9690.0 6
9700.0 7
9710.0 1
9720.0 6
9730.0 7
9740.0 10
9750.0 7
9760.0 7
9770.0 10
9780.0 10
9790.0 5
9800.0 5
9810.0 7
9820.0 11
9830.0 5
9840.0 1
9850.0 2
9860.0 5
9870.0 9
9880.0 5
9890.0 6
9900.0 11
9910.0 3
9920.0 3
9930.0 3
9940.0 11
9950.0 6
9960.0 6
9970.0 4
9980.0 9
9990.0 4
10000.0 10
10010.0 7
10020.0 3
10030.0 6
10040.0 4
10050.0 5
10060.0 7
10070.0 2
10080.0 2
10090.0 3
10100.0 1
10110.0 2
10120.0 9
10130.0 11
10140.0 6
10150.0 3
10160.0 4
10170.0 10
10180.0 4
10190.0 9
10200.0 4
10210.0 8
10220.0 11
10230.0 9
10240.0 8
10250.0 5
10260.0 4
10270.0 11
10280.0 1
10290.0 4
10300.0 1
10310.0 4
10320.0 4
10330.0 7
10340.0 3
10350.0 3
10360.0 11
10370.0 5
10380.0 1
10390.0 4
10400.0 8
10410.0 12
10420.0 9
10430.0 8
10440.0 10
10450.0 1
10460.0 12
10470.0 4
10480.0 8
10490.0 11
10500.0 11
10510.0 3
10520.0 10
10530.0 11
10540.0 2
10550.0 3
10560.0 7
10570.0 11
10580.0 11
10590.0 10
10600.0 1
10610.0 8
10620.0 6
10630.0 4
10640.0 9
10650.0 4
10660.0 8
10670.0 3
10680.0 8
10690.0 4
10700.0 5
10710.0 10
10720.0 4
10730.0 12
10740.0 8
10750.0 9
10760.0 9
10770.0 5
10780.0 6
10790.0 6
10800.0 1
10810.0 6
10820.0 11
10830.0 5
10840.0 4
10850.0 7
10860.0 3
10870.0 8
10880.0 5
10890.0 6
10900.0 2
10910.0 6
10920.0 5
10930.0 9
10940.0 8
10950.0 10
10960.0 6
10970.0 6
10980.0 7
10990.0 4
11000.0 6
11010.0 7
11020.0 4
11030.0 11
11040.0 5
11050.0 9
11060.0 8
11070.0 10
11080.0 8
11090.0 4
11100.0 5
11110.0 11
11120.0 12
11130.0 12
11140.0 8
11150.0 2
11160.0 11
11170.0 1
11180.0 3
11190.0 7
11200.0 8
11210.0 6
11220.0 9
11230.0 1
11240.0 4
11250.0 9
11260.0 6
11270.0 10
11280.0 9
11290.0 10
11300.0 7
11310.0 2
11320.0 12
11330.0 12
11340.0 1
11350.0 5
11360.0 7
11370.0 10
11380.0 4
11390.0 4
11400.0 3
11410.0 4
11420.0 6
11430.0 9
11440.0 12
11450.0 8
11460.0 3
11470.0 4
11480.0 8
11490.0 8
11500.0 5
11510.0 9
11520.0 9
11530.0 13
11540.0 1
11550.0 13
11560.0 9
11570.0 3
11580.0 8
11590.0 11
11600.0 8
11610.0 2
11620.0 10
11630.0 9
11640.0 4
11650.0 12
11660.0 8
11670.0 6
11680.0 4
11690.0 9
11700.0 8
11710.0 9
11720.0 6
11730.0 1
11740.0 10
11750.0 7
11760.0 6
11770.0 12
11780.0 11
11790.0 12
11800.0 4
11810.0 12
11820.0 2
11830.0 5
11840.0 5
11850.0 8
11860.0 10
11870.0 10
11880.0 8
11890.0 5
11900.0 5
11910.0 8
11920.0 9
11930.0 2
11940.0 9
11950.0 5
11960.0 11
11970.0 9
11980.0 8
11990.0 11
12000.0 5
12010.0 3
12020.0 2
12030.0 8
12040.0 10
12050.0 9
12060.0 10
12070.0 5
12080.0 11
12090.0 10
12100.0 3
12110.0 5
12120.0 7
12130.0 1
12140.0 4
12150.0 4
12160.0 9
12170.0 6
12180.0 1
12190.0 2
12200.0 8
12210.0 4
12220.0 7
12230.0 1
12240.0 7
12250.0 2
12260.0 11
12270.0 5
12280.0 5
12290.0 10
12300.0 5
12310.0 11
12320.0 5
12330.0 6
12340.0 2
12350.0 10
12360.0 5
12370.0 1
12380.0 1
12390.0 3
12400.0 1
12410.0 12
12420.0 1
12430.0 11
12440.0 12
12450.0 9
12460.0 4
12470.0 6
12480.0 6
12490.0 8
12500.0 6
12510.0 6
12520.0 10
12530.0 4
12540.0 9
12550.0 7
12560.0 1
12570.0 3
12580.0 7
12590.0 9
12600.0 9
12610.0 7
12620.0 5
12630.0 5
12640.0 5
12650.0 8
12660.0 1
12670.0 6
12680.0 9
12690.0 1
12700.0 5
12710.0 4
12720.0 10
12730.0 11
12740.0 7
12750.0 7
12760.0 3
12770.0 9
12780.0 3
12790.0 11
12800.0 9
12810.0 9
12820.0 8
12830.0 10
12840.0 5
12850.0 2
12860.0 4
12870.0 5
12880.0 4
12890.0 12
12900.0 9
12910.0 12
12920.0 10
12930.0 5
12940.0 10
12950.0 11
12960.0 10
12970.0 5
12980.0 4
12990.0 7
13000.0 5
13010.0 8
13020.0 5
13030.0 11
13040.0 9
13050.0 5
13060.0 4
13070.0 5
13080.0 2
13090.0 12
13100.0 6
13110.0 3
13120.0 2
13130.0 6
13140.0 10
13150.0 11
13160.0 11
13170.0 9
13180.0 9
13190.0 11
13200.0 3
13210.0 8
13220.0 10
13230.0 11
13240.0 7
13250.0 10
13260.0 10
13270.0 11
13280.0 2
13290.0 10
13300.0 1
13310.0 6
13320.0 10
13330.0 6
13340.0 5
13350.0 7
13360.0 1
13370.0 1
13380.0 6
13390.0 3
13400.0 2
13410.0 9
13420.0 9
13430.0 2
13440.0 11
13450.0 3
13460.0 1
13470.0 3
13480.0 5
13490.0 6
13500.0 1
13510.0 8
13520.0 3
13530.0 10
13540.0 9
13550.0 9
13560.0 5
13570.0 9
13580.0 6
13590.0 10
13600.0 9
13610.0 1
13620.0 5
13630.0 4
13640.0 3
13650.0 4
13660.0 9
13670.0 7
13680.0 9
13690.0 7
13700.0 7
13710.0 1
13720.0 11
13730.0 10
13740.0 5
13750.0 7
13760.0 3
13770.0 9
13780.0 10
13790.0 5
13800.0 6
13810.0 11
13820.0 7
13830.0 11
13840.0 7
13850.0 8
13860.0 13
13870.0 10
13880.0 7
13890.0 3
13900.0 7
13910.0 10
13920.0 4
13930.0 9
13940.0 11
13950.0 9
13960.0 11
13970.0 12
13980.0 2
13990.0 9
14000.0 6
14010.0 11
14020.0 6
14030.0 3
14040.0 12
14050.0 7
14060.0 5
14070.0 8
14080.0 3
14090.0 3
14100.0 8
14110.0 10
14120.0 3
14130.0 6
14140.0 5
14150.0 5
14160.0 7
14170.0 6
14180.0 6
14190.0 8
14200.0 7
14210.0 1
14220.0 6
14230.0 3
14240.0 4
14250.0 11
14260.0 1
14270.0 1
14280.0 1
14290.0 4
14300.0 1
14310.0 4
14320.0 12
14330.0 3
14340.0 12
14350.0 8
14360.0 3
14370.0 2
14380.0 3
14390.0 9
14400.0 7
14410.0 11
14420.0 10
14430.0 11
14440.0 11
14450.0 5
14460.0 7
14470.0 4
14480.0 12
14490.0 7
14500.0 5
14510.0 3
14520.0 9
14530.0 8
14540.0 12
14550.0 10
14560.0 2
14570.0 4
14580.0 6
14590.0 7
14600.0 2
14610.0 11
14620.0 8
14630.0 10
14640.0 9
14650.0 2
14660.0 12
14670.0 8
14680.0 7
14690.0 12
14700.0 10
14710.0 13
14720.0 11
14730.0 3
14740.0 12
14750.0 6
14760.0 7
14770.0 9
14780.0 9
14790.0 9
14800.0 5
14810.0 5
14820.0 6
14830.0 7
14840.0 12
14850.0 9
14860.0 10
14870.0 8
14880.0 9
14890.0 5
14900.0 4
14910.0 7
14920.0 1
14930.0 11
14940.0 1
14950.0 7
14960.0 5
14970.0 2
14980.0 4
14990.0 13
15000.0 6
15010.0 12
15020.0 6
15030.0 7
15040.0 2
15050.0 7
15060.0 12
15070.0 7
15080.0 5
15090.0 5
15100.0 9
15110.0 8
15120.0 9
15130.0 11
15140.0 3
15150.0 2
15160.0 1
15170.0 9
15180.0 7
15190.0 4
15200.0 7
15210.0 6
15220.0 6
15230.0 8
15240.0 6
15250.0 5
15260.0 10
15270.0 7
15280.0 6
15290.0 3
15300.0 2
15310.0 7
15320.0 2
15330.0 8
15340.0 6
15350.0 2
15360.0 7
15370.0 8
15380.0 5
15390.0 1
15400.0 6
15410.0 7
15420.0 2
15430.0 4
15440.0 3
15450.0 7
15460.0 3
15470.0 1
15480.0 9
15490.0 6
15500.0 2
15510.0 7
15520.0 4
15530.0 7
15540.0 7
15550.0 8
15560.0 3
15570.0 10
15580.0 6
15590.0 10
15600.0 4
15610.0 9
15620.0 10
15630.0 10
15640.0 9
15650.0 8
15660.0 3
15670.0 6
15680.0 7
15690.0 5
15700.0 2
15710.0 6
15720.0 1
15730.0 5
15740.0 1
15750.0 8
15760.0 7
15770.0 6
15780.0 2
15790.0 8
15800.0 6
15810.0 2
15820.0 2
15830.0 8
15840.0 6
15850.0 5
15860.0 4
15870.0 12
15880.0 10
15890.0 7
15900.0 2
15910.0 7
15920.0 3
15930.0 1
15940.0 9
15950.0 7
15960.0 1
15970.0 8
15980.0 2
15990.0 4
16000.0 8
16010.0 4
16020.0 1
16030.0 4
16040.0 10
16050.0 9
16060.0 9
16070.0 1
16080.0 10
16090.0 5
16100.0 4
16110.0 8
16120.0 4
16130.0 3
16140.0 4
16150.0 1
16160.0 5
16170.0 0
16180.0 0
16190.0 5
16200.0 5
16210.0 2
16220.0 0
16230.0 4
16240.0 3
16250.0 1
16260.0 4
16270.0 5
16280.0 1
16290.0 0
16300.0 1
16310.0 1
16320.0 3
16330.0 4
16340.0 4
16350.0 1
16360.0 5
16370.0 2
16380.0 1
16390.0 3
16400.0 4
16410.0 4
16420.0 6
16430.0 0
16440.0 2
16450.0 2
16460.0 4
16470.0 6
16480.0 2
16490.0 7
16500.0 2
16510.0 8
16520.0 6
16530.0 6
16540.0 5
16550.0 1
16560.0 7
16570.0 5
16580.0 0
16590.0 5
16600.0 6
16610.0 1
16620.0 6
16630.0 6
16640.0 5
16650.0 5
16660.0 0
16670.0 7
16680.0 2
16690.0 6
16700.0 5
16710.0 5
16720.0 6
16730.0 4
16740.0 2
16750.0 0
16760.0 4
16770.0 0
16780.0 5
16790.0 1
16800.0 2
16810.0 2
16820.0 1
16830.0 1
16840.0 3
16850.0 1
16860.0 0
16870.0 0
16880.0 0
16890.0 2
16900.0 0
16910.0 0
16920.0 4
16930.0 1
16940.0 2
16950.0 3
16960.0 2
16970.0 1
16980.0 2
16990.0 2
17000.0 2
17010.0 3
17020.0 0
17030.0 4
17040.0 6
17050.0 5
17060.0 3
17070.0 7
17080.0 2
17090.0 5
17100.0 4
17110.0 2
17120.0 2
17130.0 1
17140.0 0
17150.0 1
17160.0 1
17170.0 0
17180.0 3
17190.0 3
17200.0 4
17210.0 0
17220.0 0
17230.0 2
17240.0 4
17250.0 1
17260.0 5
17270.0 4
17280.0 4
17290.0 1
17300.0 2
17310.0 3
17320.0 0
17330.0 0
17340.0 0
17350.0 2
17360.0 1
17370.0 1
17380.0 3
17390.0 2
17400.0 2
17410.0 4
17420.0 4
17430.0 0
17440.0 1
17450.0 1
17460.0 0
17470.0 1
17480.0 0
17490.0 0
17500.0 3
17510.0 0
17520.0 0
17530.0 1
17540.0 0
17550.0 1
17560.0 2
17570.0 1
17580.0 0
17590.0 1
17600.0 2
17610.0 1
17620.0 0
17630.0 1
17640.0 1
17650.0 1
17660.0 2
17670.0 0
17680.0 2
17690.0 0
17700.0 2
17710.0 1
17720.0 0
17730.0 1
17740.0 0
17750.0 0
17760.0 1
17770.0 3
17780.0 0
17790.0 0
17800.0 1
17810.0 2
17820.0 2
17830.0 0
17840.0 2
17850.0 0
17860.0 1
17870.0 1
17880.0 2
17890.0 0
17900.0 1
17910.0 1
17920.0 2
17930.0 1
17940.0 2
17950.0 0
17960.0 3
17970.0 0
17980.0 4
17990.0 0
18000.0 3
18010.0 3
18020.0 1
18030.0 2
18040.0 2
18050.0 3
18060.0 2
18070.0 0
18080.0 2
18090.0 0
18100.0 1
18110.0 2
18120.0 0
18130.0 2
18140.0 1
18150.0 0
18160.0 2
18170.0 0
18180.0 2
18190.0 1
18200.0 1
18210.0 2
18220.0 0
18230.0 1
18240.0 1
18250.0 0
18260.0 2
18270.0 0
18280.0 1
18290.0 2
18300.0 2
18310.0 1
18320.0 1
18330.0 0
18340.0 1
18350.0 2
18360.0 2
18370.0 2
18380.0 0
18390.0 0
18400.0 2
18410.0 3
18420.0 1
18430.0 0
18440.0 2
18450.0 1
18460.0 2
18470.0 0
18480.0 0
18490.0 1
18500.0 1
18510.0 0
18520.0 1
18530.0 2
18540.0 1
18550.0 1
18560.0 2
18570.0 2
18580.0 1
18590.0 2
18600.0 1
18610.0 3
18620.0 0
18630.0 1
18640.0 1
18650.0 0
18660.0 1
18670.0 1
18680.0 2
18690.0 1
18700.0 2
18710.0 2
18720.0 0
18730.0 2
18740.0 0
18750.0 2
18760.0 2
18770.0 1
18780.0 2
18790.0 1
18800.0 3
18810.0 3
18820.0 2
18830.0 3
18840.0 2
18850.0 2
18860.0 3
18870.0 1
18880.0 3
18890.0 3
18900.0 2
18910.0 1
18920.0 0
18930.0 1
18940.0 1
18950.0 0
18960.0 3
18970.0 2
18980.0 1
18990.0 2
19000.0 2
19010.0 2
19020.0 3
19030.0 2
19040.0 2
19050.0 1
19060.0 1
19070.0 4
19080.0 4
19090.0 1
19100.0 2
19110.0 3
19120.0 1
19130.0 1
19140.0 2
19150.0 3
19160.0 1
19170.0 3
19180.0 3
19190.0 3
19200.0 3
19210.0 2
19220.0 1
19230.0 1
19240.0 2
19250.0 1
19260.0 1
19270.0 1
19280.0 2
19290.0 2
19300.0 1
19310.0 1
19320.0 1
19330.0 2
19340.0 0
19350.0 0
19360.0 3
19370.0 1
19380.0 2
19390.0 3
19400.0 3
19410.0 0
19420.0 1
19430.0 2
19440.0 2
19450.0 1
19460.0 1
19470.0 2
19480.0 0
19490.0 2
19500.0 1
19510.0 0
19520.0 2
19530.0 0
19540.0 1
19550.0 2
19560.0 1
19570.0 3
19580.0 2
19590.0 3
19600.0 1
19610.0 0
19620.0 3
19630.0 1
19640.0 1
19650.0 1
19660.0 0
19670.0 0
19680.0 2
19690.0 1
19700.0 1
19710.0 1
19720.0 0
19730.0 1
19740.0 2
19750.0 3
19760.0 3
19770.0 1
19780.0 2
19790.0 3
19800.0 2
19810.0 3
19820.0 3
19830.0 2
19840.0 2
19850.0 1
19860.0 0
19870.0 0
19880.0 0
19890.0 0
19900.0 0
19910.0 0
19920.0 0
19930.0 2
19940.0 3
19950.0 1
19960.0 2
19970.0 3
19980.0 2
19990.0 0
20000.0 0
20010.0 2
20020.0 0
20030.0 1
20040.0 2
20050.0 1
20060.0 0
20070.0 1
20080.0 1
20090.0 2
20100.0 0
20110.0 3
20120.0 3
20130.0 1
20140.0 3
20150.0 2
20160.0 1
20170.0 0
20180.0 4
20190.0 1
20200.0 1
20210.0 2
20220.0 0
20230.0 3
20240.0 0
20250.0 3
20260.0 3
20270.0 1
20280.0 0
20290.0 1
20300.0 1
20310.0 1
20320.0 1
20330.0 4
20340.0 2
20350.0 4
20360.0 4
20370.0 1
20380.0 4
20390.0 3
20400.0 2
20410.0 0
20420.0 3
20430.0 2
20440.0 4
20450.0 0
20460.0 0
20470.0 5
20480.0 5
20490.0 5
20500.0 2
20510.0 0
20520.0 1
20530.0 0
20540.0 3
20550.0 3
20560.0 2
20570.0 1
20580.0 0
20590.0 2
20600.0 2
20610.0 3
20620.0 3
20630.0 2
20640.0 1
20650.0 1
20660.0 0
20670.0 1
20680.0 2
20690.0 3
20700.0 2
20710.0 4
20720.0 2
20730.0 0
20740.0 2
20750.0 3
20760.0 2
20770.0 1
20780.0 1
20790.0 0
20800.0 1
20810.0 3
20820.0 0
20830.0 1
20840.0 2
20850.0 2
20860.0 1
20870.0 3
20880.0 1
20890.0 2
20900.0 0
20910.0 1
20920.0 1
20930.0 1
20940.0 1
20950.0 2
20960.0 0
20970.0 3
20980.0 2
20990.0 2
21000.0 3
21010.0 2
21020.0 3
21030.0 2
21040.0 3
21050.0 2
21060.0 0
21070.0 3
21080.0 0
21090.0 3
21100.0 1
21110.0 2
21120.0 0
21130.0 4
21140.0 0
21150.0 2
21160.0 3
21170.0 2
21180.0 3
21190.0 1
21200.0 3
21210.0 2
21220.0 2
21230.0 0
21240.0 3
21250.0 3
21260.0 3
21270.0 0
21280.0 1
21290.0 1
21300.0 2
21310.0 1
21320.0 3
21330.0 0
21340.0 2
21350.0 4
21360.0 3
21370.0 2
21380.0 0
21390.0 3
21400.0 3
21410.0 2
21420.0 0
21430.0 0
21440.0 5
21450.0 3
21460.0 1
21470.0 5
21480.0 4
21490.0 1
21500.0 4
21510.0 0
21520.0 2
21530.0 0
21540.0 1
21550.0 0
21560.0 0
21570.0 0
21580.0 1
21590.0 0
21600.0 1
21610.0 2
21620.0 1
21630.0 2
21640.0 0
21650.0 1
21660.0 2
21670.0 0
21680.0 3
21690.0 0
21700.0 1
21710.0 1
21720.0 3
21730.0 3
21740.0 4
21750.0 2
21760.0 2
21770.0 0
21780.0 0
21790.0 0
21800.0 3
21810.0 0
21820.0 2
21830.0 2
21840.0 1
21850.0 1
21860.0 1
21870.0 0
21880.0 2
21890.0 3
21900.0 1
21910.0 4
21920.0 2
21930.0 3
21940.0 5
21950.0 5
21960.0 4
21970.0 2
21980.0 0
21990.0 2
22000.0 2
22010.0 2
22020.0 1
22030.0 1
22040.0 4
22050.0 0
22060.0 3
22070.0 0
22080.0 0
22090.0 1
22100.0 1
22110.0 1
22120.0 4
22130.0 0
22140.0 1
22150.0 0
22160.0 3
22170.0 3
22180.0 2
22190.0 0
22200.0 3
22210.0 5
22220.0 1
22230.0 4
22240.0 3
22250.0 1
22260.0 3
22270.0 3
22280.0 2
22290.0 2
22300.0 0
22310.0 4
22320.0 1
22330.0 2
22340.0 4
22350.0 1
22360.0 4
22370.0 2
22380.0 2
22390.0 0
22400.0 2
22410.0 1
22420.0 1
22430.0 3
22440.0 4
22450.0 1
22460.0 4
22470.0 3
22480.0 3
22490.0 5
22500.0 2
22510.0 3
22520.0 5
22530.0 1
22540.0 1
22550.0 5
22560.0 6
22570.0 4
22580.0 6
22590.0 1
22600.0 7
22610.0 5
22620.0 6
22630.0 3
22640.0 0
22650.0 3
22660.0 1
22670.0 5
22680.0 1
22690.0 6
22700.0 2
22710.0 6
22720.0 3
22730.0 5
22740.0 0
22750.0 5
22760.0 0
22770.0 1
22780.0 0
22790.0 4
22800.0 1
22810.0 6
22820.0 3
22830.0 2
22840.0 2
22850.0 0
22860.0 5
22870.0 3
22880.0 3
22890.0 0
22900.0 0
22910.0 1
22920.0 4
22930.0 4
22940.0 1
22950.0 2
22960.0 1
22970.0 2
22980.0 3
22990.0 0
23000.0 3
23010.0 4
23020.0 6
23030.0 1
23040.0 2
23050.0 7
23060.0 4
23070.0 0
23080.0 1
23090.0 1
23100.0 4
23110.0 5
23120.0 0
23130.0 1
23140.0 4
23150.0 5
23160.0 5
23170.0 2
23180.0 5
23190.0 3
23200.0 2
23210.0 3
23220.0 4
23230.0 6
23240.0 6
23250.0 4
23260.0 4
23270.0 0
23280.0 6
23290.0 6
23300.0 4
23310.0 5
23320.0 3
23330.0 6
23340.0 1
23350.0 0
23360.0 3
23370.0 6
23380.0 0
23390.0 6
23400.0 5
23410.0 0
23420.0 0
23430.0 0
23440.0 4
23450.0 1
23460.0 5
23470.0 5
23480.0 7
23490.0 2
23500.0 3
23510.0 3
23520.0 0
23530.0 8
23540.0 4
23550.0 5
23560.0 2
23570.0 6
23580.0 1
23590.0 6
23600.0 2
23610.0 6
23620.0 4
23630.0 4
23640.0 7
23650.0 2
23660.0 3
23670.0 2
23680.0 1
23690.0 8
23700.0 5
23710.0 1
23720.0 2
23730.0 8
23740.0 0
23750.0 4
23760.0 9
23770.0 1
23780.0 4
23790.0 2
23800.0 7
23810.0 6
23820.0 0
23830.0 6
23840.0 1
23850.0 2
23860.0 0
23870.0 5
23880.0 5
23890.0 3
23900.0 4
23910.0 4
23920.0 3
23930.0 0
23940.0 6
23950.0 4
23960.0 5
23970.0 5
23980.0 5
23990.0 1
24000.0 1
24010.0 1
24020.0 0
24030.0 0
24040.0 0
24050.0 1
24060.0 6
24070.0 2
24080.0 3
24090.0 1
24100.0 0
24110.0 1
24120.0 1
24130.0 5
24140.0 1
24150.0 7
24160.0 1
24170.0 0
24180.0 2
24190.0 0
24200.0 2
24210.0 1
24220.0 2
24230.0 2
24240.0 4
24250.0 3
24260.0 0
24270.0 1
24280.0 4
24290.0 2
24300.0 4
24310.0 3
24320.0 3
24330.0 5
24340.0 5
24350.0 2
24360.0 4
24370.0 2
24380.0 1
24390.0 0
24400.0 0
24410.0 2
24420.0 4
24430.0 5
24440.0 0
24450.0 4
24460.0 2
24470.0 0
24480.0 3
24490.0 1
24500.0 3
24510.0 3
24520.0 1
24530.0 1
24540.0 0
24550.0 5
24560.0 2
24570.0 3
24580.0 3
24590.0 0
24600.0 5
24610.0 3
24620.0 4
24630.0 1
24640.0 3
24650.0 2
24660.0 0
24670.0 2
24680.0 3
24690.0 6
24700.0 3
24710.0 6
24720.0 5
24730.0 1
24740.0 2
24750.0 3
24760.0 1
24770.0 0
24780.0 1
24790.0 1
24800.0 0
24810.0 0
24820.0 3
24830.0 4
24840.0 1
24850.0 3
24860.0 2
24870.0 2
24880.0 0
24890.0 2
24900.0 1
24910.0 3
24920.0 4
24930.0 3
24940.0 3
24950.0 2
24960.0 1
24970.0 0
24980.0 4
24990.0 1
25000.0 3
25010.0 1
25020.0 1
25030.0 0
25040.0 0
25050.0 5
25060.0 2
25070.0 3
25080.0 1
25090.0 0
25100.0 3
25110.0 1
25120.0 1
25130.0 2
25140.0 4
25150.0 0
25160.0 3
25170.0 4
25180.0 4
25190.0 0
25200.0 1
25210.0 2
25220.0 3
25230.0 3
25240.0 3
25250.0 4
25260.0 3
25270.0 2
25280.0 6
25290.0 6
25300.0 6
25310.0 4
25320.0 3
25330.0 3
25340.0 4
25350.0 0
25360.0 3
25370.0 3
25380.0 0
25390.0 1
25400.0 3
25410.0 3
25420.0 2
25430.0 4
25440.0 1
25450.0 2
25460.0 0
25470.0 4
25480.0 4
25490.0 1
25500.0 4
25510.0 4
25520.0 2
25530.0 1
25540.0 2
25550.0 3
25560.0 3
25570.0 0
25580.0 2
25590.0 3
25600.0 0
25610.0 1
25620.0 3
25630.0 1
25640.0 3
25650.0 4
25660.0 0
25670.0 4
25680.0 4
25690.0 1
25700.0 2
25710.0 3
25720.0 0
25730.0 4
25740.0 2
25750.0 0
25760.0 0
25770.0 0
25780.0 2
25790.0 1
25800.0 2
25810.0 1
25820.0 1
25830.0 4
25840.0 2
25850.0 3
25860.0 0
25870.0 2
25880.0 2
25890.0 2
25900.0 3
25910.0 2
25920.0 3
25930.0 1
25940.0 4
25950.0 1
25960.0 1
25970.0 2
25980.0 1
25990.0 3
26000.0 3
26010.0 2
26020.0 2
26030.0 5
26040.0 5
26050.0 6
26060.0 1
26070.0 1
26080.0 4
26090.0 3
26100.0 2
26110.0 6
26120.0 4
26130.0 2
26140.0 3
26150.0 2
26160.0 6
26170.0 5
26180.0 6
26190.0 0
26200.0 5
26210.0 3
26220.0 4
26230.0 0
26240.0 4
26250.0 1
26260.0 5
26270.0 5
26280.0 0
26290.0 0
26300.0 4
26310.0 3
26320.0 1
26330.0 0
26340.0 4
26350.0 1
26360.0 2
26370.0 5
26380.0 2
26390.0 5
26400.0 2
26410.0 3
26420.0 2
26430.0 1
26440.0 1
26450.0 5
26460.0 5
26470.0 5
26480.0 1
26490.0 2
26500.0 0
26510.0 3
26520.0 0
26530.0 0
26540.0 6
26550.0 2
26560.0 7
26570.0 2
26580.0 0
26590.0 2
26600.0 1
26610.0 1
26620.0 1
26630.0 5
26640.0 0
26650.0 2
26660.0 0
26670.0 5
26680.0 1
26690.0 6
26700.0 1
26710.0 3
26720.0 4
26730.0 0
26740.0 1
26750.0 3
26760.0 2
26770.0 0
26780.0 0
26790.0 0
26800.0 1
26810.0 2
26820.0 1
26830.0 0
26840.0 0
26850.0 4
26860.0 0
26870.0 0
26880.0 2
26890.0 2
26900.0 4
26910.0 2
26920.0 1
26930.0 3
26940.0 3
26950.0 1
26960.0 2
26970.0 1
26980.0 2
26990.0 1
27000.0 4
27010.0 4
27020.0 3
27030.0 2
27040.0 3
27050.0 2
27060.0 4
27070.0 0
27080.0 1
27090.0 1
27100.0 5
27110.0 1
27120.0 4
27130.0 2
27140.0 0
27150.0 2
27160.0 0
27170.0 4
27180.0 4
27190.0 5
27200.0 4
27210.0 1
27220.0 1
27230.0 6
27240.0 2
27250.0 6
27260.0 6
27270.0 1
27280.0 5
27290.0 5
27300.0 4
27310.0 5
27320.0 0
27330.0 0
27340.0 0
27350.0 0
27360.0 1
27370.0 0
27380.0 0
27390.0 1
27400.0 4
27410.0 3
27420.0 5
27430.0 0
27440.0 0
27450.0 6
27460.0 5
27470.0 5
27480.0 1
27490.0 0
27500.0 6
27510.0 6
27520.0 1
27530.0 5
27540.0 5
27550.0 3
27560.0 0
27570.0 4
27580.0 5
27590.0 5
27600.0 4
27610.0 1
27620.0 2
27630.0 0
27640.0 4
27650.0 5
27660.0 2
27670.0 2
27680.0 3
27690.0 4
27700.0 5
27710.0 4
27720.0 5
27730.0 2
27740.0 1
27750.0 0
27760.0 1
27770.0 3
27780.0 3
27790.0 0
27800.0 3
27810.0 1
27820.0 3
27830.0 2
27840.0 2
27850.0 3
27860.0 2
27870.0 2
27880.0 2
27890.0 0
27900.0 0
27910.0 0
27920.0 2
27930.0 3
27940.0 2
27950.0 0
27960.0 0
27970.0 1
27980.0 2
27990.0 4
28000.0 1
28010.0 2
28020.0 4
28030.0 1
28040.0 2
28050.0 1
28060.0 0
28070.0 1
28080.0 2
28090.0 2
28100.0 3
28110.0 0
28120.0 0
28130.0 1
28140.0 2
28150.0 0
28160.0 3
28170.0 1
28180.0 2
28190.0 0
28200.0 1
28210.0 1
28220.0 0
28230.0 2
28240.0 0
28250.0 2
28260.0 3
28270.0 0
28280.0 2
28290.0 0
28300.0 1
28310.0 3
28320.0 2
28330.0 0
28340.0 3
28350.0 1
28360.0 2
28370.0 1
28380.0 2
28390.0 0
28400.0 0
28410.0 3
28420.0 4
28430.0 4
28440.0 4
28450.0 1
28460.0 0
28470.0 3
28480.0 2
28490.0 3
28500.0 0
28510.0 2
28520.0 0
28530.0 1
28540.0 0
28550.0 2
28560.0 4
28570.0 4
28580.0 3
28590.0 3
28600.0 2
28610.0 2
28620.0 1
28630.0 3
28640.0 1
28650.0 2
28660.0 3
28670.0 2
28680.0 3
28690.0 1
28700.0 0
28710.0 0
28720.0 1
28730.0 0
28740.0 1
28750.0 3
28760.0 3
28770.0 3
28780.0 1
28790.0 0
28800.0 0
28810.0 1
28820.0 2
28830.0 2
28840.0 2
28850.0 0
28860.0 2
28870.0 0
28880.0 1
28890.0 2
28900.0 0
28910.0 0
28920.0 2
28930.0 3
28940.0 2
28950.0 4
28960.0 1
28970.0 4
28980.0 2
28990.0 4
29000.0 0
29010.0 1
29020.0 0
29030.0 1
29040.0 2
29050.0 3
29060.0 1
29070.0 4
29080.0 3
29090.0 4
29100.0 2
29110.0 4
29120.0 5
29130.0 0
29140.0 2
29150.0 2
29160.0 4
29170.0 0
29180.0 0
29190.0 2
29200.0 2
29210.0 0
29220.0 2
29230.0 2
29240.0 3
29250.0 0
29260.0 4
29270.0 2
29280.0 1
29290.0 1
29300.0 1
29310.0 3
29320.0 1
29330.0 2
29340.0 2
29350.0 2
29360.0 2
29370.0 2
29380.0 2
29390.0 0
29400.0 0
29410.0 1
29420.0 1
29430.0 0
29440.0 3
29450.0 0
29460.0 2
29470.0 0
29480.0 3
29490.0 5
29500.0 5
29510.0 5
29520.0 4
29530.0 3
29540.0 0
29550.0 2
29560.0 0
29570.0 2
29580.0 1
29590.0 2
29600.0 4
29610.0 0
29620.0 0
29630.0 0
29640.0 3
29650.0 1
29660.0 0
29670.0 0
29680.0 1
29690.0 2
29700.0 1
29710.0 0
29720.0 0
29730.0 1
29740.0 1
29750.0 2
29760.0 3
29770.0 2
29780.0 2
29790.0 3
29800.0 2
29810.0 3
29820.0 2
29830.0 1
29840.0 1
29850.0 3
29860.0 5
29870.0 4
29880.0 4
29890.0 5
29900.0 2
29910.0 2
29920.0 3
29930.0 3
29940.0 3
29950.0 4
29960.0 3
29970.0 2
29980.0 5
29990.0 2
30000.0 4
30010.0 2
30020.0 2
30030.0 3
30040.0 0
30050.0 0
30060.0 3
30070.0 2
30080.0 1
30090.0 4
30100.0 2
30110.0 0
30120.0 3
30130.0 2
30140.0 1
30150.0 3
30160.0 3
30170.0 0
30180.0 1
30190.0 1
30200.0 3
30210.0 1
30220.0 4
30230.0 1
30240.0 1
30250.0 0
30260.0 3
30270.0 1
30280.0 1
30290.0 2
30300.0 5
30310.0 1
30320.0 3
30330.0 3
30340.0 1
30350.0 5
30360.0 3
30370.0 1
30380.0 4
30390.0 4
30400.0 2
30410.0 1
30420.0 1
30430.0 3
30440.0 1
30450.0 2
30460.0 1
30470.0 4
30480.0 1
30490.0 2
30500.0 2
30510.0 2
30520.0 1
30530.0 4
30540.0 4
30550.0 1
30560.0 4
30570.0 5
30580.0 2
30590.0 3
30600.0 4
30610.0 3
30620.0 1
30630.0 2
30640.0 4
30650.0 5
30660.0 4
30670.0 4
30680.0 3
30690.0 3
30700.0 4
30710.0 1
30720.0 2
30730.0 4
30740.0 4
30750.0 4
30760.0 1
30770.0 1
30780.0 1
30790.0 3
30800.0 2
30810.0 3
30820.0 2
30830.0 2
30840.0 2
30850.0 2
30860.0 3
30870.0 1
30880.0 2
30890.0 1
30900.0 3
30910.0 2
30920.0 1
30930.0 4
30940.0 6
30950.0 6
30960.0 2
30970.0 2
30980.0 1
30990.0 3
31000.0 3
31010.0 2
31020.0 2
31030.0 3
31040.0 2
31050.0 2
31060.0 2
31070.0 3
31080.0 3
31090.0 2
31100.0 3
31110.0 1
31120.0 1
31130.0 3
31140.0 1
31150.0 3
31160.0 3
31170.0 3
31180.0 2
31190.0 2
31200.0 2
31210.0 2
31220.0 4
31230.0 2
31240.0 4
31250.0 1
31260.0 2
31270.0 2
31280.0 2
31290.0 4
31300.0 3
31310.0 2
31320.0 3
31330.0 1
31340.0 2
31350.0 3
31360.0 4
31370.0 1
31380.0 4
31390.0 3
31400.0 4
31410.0 3
31420.0 3
31430.0 3
31440.0 1
31450.0 2
31460.0 2
31470.0 4
31480.0 1
31490.0 1
31500.0 1
31510.0 1
31520.0 2
31530.0 1
31540.0 1
31550.0 2
31560.0 1
31570.0 1
31580.0 3
31590.0 3
31600.0 3
31610.0 2
31620.0 4
31630.0 1
31640.0 2
31650.0 2
31660.0 3
31670.0 3
31680.0 4
31690.0 3
31700.0 4
31710.0 4
31720.0 3
31730.0 2
31740.0 3
31750.0 4
31760.0 2
31770.0 4
31780.0 2
31790.0 3
31800.0 4
31810.0 3
31820.0 4
31830.0 3
31840.0 3
31850.0 5
31860.0 5
31870.0 2
31880.0 6
31890.0 5
31900.0 5
31910.0 6
31920.0 3
31930.0 4
31940.0 4
31950.0 3
31960.0 5
31970.0 3
31980.0 5
31990.0 3
32000.0 3
32010.0 4
32020.0 5
32030.0 5
32040.0 2
32050.0 5
32060.0 6
32070.0 4
32080.0 2
32090.0 5
32100.0 5
32110.0 3
32120.0 5
32130.0 4
32140.0 4
32150.0 2
32160.0 5
32170.0 6
32180.0 3
32190.0 4
32200.0 4
32210.0 6
32220.0 3
32230.0 5
32240.0 2
32250.0 2
32260.0 5
32270.0 2
32280.0 6
32290.0 4
32300.0 5
32310.0 2
32320.0 6
32330.0 5
32340.0 5
32350.0 3
32360.0 5
32370.0 3
32380.0 4
32390.0 2
32400.0 5
32410.0 7
32420.0 5
32430.0 7
32440.0 3
32450.0 7
32460.0 5
32470.0 7
32480.0 5
32490.0 7
32500.0 2
32510.0 6
32520.0 6
32530.0 3
32540.0 6
32550.0 2
32560.0 4
32570.0 6
32580.0 2
32590.0 7
32600.0 7
32610.0 4
32620.0 5
32630.0 4
32640.0 6
32650.0 4
32660.0 4
32670.0 5
32680.0 4
32690.0 6
32700.0 3
32710.0 3
32720.0 3
32730.0 2
32740.0 6
32750.0 2
32760.0 2
32770.0 6
32780.0 3
32790.0 2
32800.0 3
32810.0 5
32820.0 6
32830.0 5
32840.0 6
32850.0 4
32860.0 3
32870.0 5
32880.0 3
32890.0 5
32900.0 6
32910.0 6
32920.0 5
32930.0 2
32940.0 4
32950.0 4
32960.0 3
32970.0 2
32980.0 3
32990.0 3
33000.0 6
33010.0 3
33020.0 4
33030.0 5
33040.0 4
33050.0 2
33060.0 2
33070.0 3
33080.0 4
33090.0 3
33100.0 2
33110.0 4
33120.0 2
33130.0 2
33140.0 6
33150.0 4
33160.0 5
33170.0 2
33180.0 2
33190.0 4
33200.0 3
33210.0 7
33220.0 3
33230.0 4
33240.0 6
33250.0 4
33260.0 2
33270.0 3
33280.0 3
33290.0 4
33300.0 2
33310.0 3
33320.0 6
33330.0 4
33340.0 4
33350.0 6
33360.0 2
33370.0 2
33380.0 6
33390.0 5
33400.0 5
33410.0 5
33420.0 3
33430.0 6
33440.0 5
33450.0 3
33460.0 5
33470.0 4
33480.0 5
33490.0 6
33500.0 5
33510.0 7
33520.0 5
33530.0 5
33540.0 5
33550.0 7
33560.0 3
33570.0 6
33580.0 2
33590.0 2
33600.0 7
33610.0 5
33620.0 8
33630.0 2
33640.0 6
33650.0 6
33660.0 7
33670.0 2
33680.0 6
33690.0 2
33700.0 6
33710.0 7
33720.0 4
33730.0 2
33740.0 2
33750.0 6
33760.0 5
33770.0 3
33780.0 6
33790.0 7
33800.0 6
33810.0 6
33820.0 5
33830.0 2
33840.0 4
33850.0 5
33860.0 4
33870.0 2
33880.0 7
33890.0 5
33900.0 3
33910.0 8
33920.0 6
33930.0 4
33940.0 7
33950.0 7
33960.0 3
33970.0 4
33980.0 3
33990.0 6
34000.0 3
34010.0 5
34020.0 2
34030.0 3
34040.0 6
34050.0 3
34060.0 5
34070.0 6
34080.0 6
34090.0 4
34100.0 7
34110.0 3
34120.0 4
34130.0 6
34140.0 4
34150.0 4
34160.0 2
34170.0 6
34180.0 7
34190.0 3
34200.0 2
34210.0 4
34220.0 5
34230.0 3
34240.0 2
34250.0 6
34260.0 5
34270.0 3
34280.0 5
34290.0 6
34300.0 4
34310.0 2
34320.0 7
34330.0 7
34340.0 8
34350.0 5
34360.0 6
34370.0 3
34380.0 6
34390.0 5
34400.0 7
34410.0 6
34420.0 6
34430.0 2
34440.0 7
34450.0 2
34460.0 3
34470.0 2
34480.0 4
34490.0 3
34500.0 2
34510.0 4
34520.0 3
34530.0 6
34540.0 7
34550.0 2
34560.0 8
34570.0 6
34580.0 6
34590.0 6
34600.0 2
34610.0 8
34620.0 5
34630.0 6
34640.0 4
34650.0 8
34660.0 7
34670.0 3
34680.0 4
34690.0 3
34700.0 6
34710.0 5
34720.0 4
34730.0 8
34740.0 8
34750.0 8
34760.0 8
34770.0 8
34780.0 7
34790.0 4
34800.0 7
34810.0 8
34820.0 6
34830.0 7
34840.0 6
34850.0 5
34860.0 5
34870.0 7
34880.0 2
34890.0 3
34900.0 5
34910.0 4
34920.0 4
34930.0 4
34940.0 8
34950.0 8
34960.0 5
34970.0 6
34980.0 8
34990.0 8
35000.0 6
35010.0 7
35020.0 8
35030.0 5
35040.0 5
35050.0 5
35060.0 5
35070.0 4
35080.0 4
35090.0 9
35100.0 5
35110.0 5
35120.0 7
35130.0 3
35140.0 7
35150.0 4
35160.0 7
35170.0 4
35180.0 7
35190.0 4
35200.0 7
35210.0 5
35220.0 8
35230.0 8
35240.0 4
35250.0 2
35260.0 2
35270.0 5
35280.0 8
35290.0 2
35300.0 5
35310.0 5
35320.0 6
35330.0 5
35340.0 7
35350.0 2
35360.0 5
35370.0 2
35380.0 5
35390.0 5
35400.0 7
35410.0 4
35420.0 7
35430.0 8
35440.0 3
35450.0 2
35460.0 7
35470.0 9
35480.0 8
35490.0 3
35500.0 8
35510.0 4
35520.0 3
35530.0 5
35540.0 7
35550.0 6
35560.0 5
35570.0 8
35580.0 3
35590.0 8
35600.0 5
35610.0 3
35620.0 6
35630.0 8
35640.0 7
35650.0 4
35660.0 3
35670.0 8
35680.0 7
35690.0 5
35700.0 2
35710.0 7
35720.0 4
35730.0 5
35740.0 8
35750.0 5
35760.0 8
35770.0 6
35780.0 4
35790.0 8
35800.0 5
35810.0 6
35820.0 2
35830.0 5
35840.0 3
35850.0 4
35860.0 7
35870.0 7
35880.0 8
35890.0 8
35900.0 5
35910.0 2
35920.0 8
35930.0 6
35940.0 5
35950.0 7
35960.0 5
35970.0 3
35980.0 5
35990.0 7
36000.0 8
36010.0 8
36020.0 5
36030.0 8
36040.0 4
36050.0 9
36060.0 5
36070.0 10
36080.0 8
36090.0 8
36100.0 8
36110.0 10
36120.0 9
36130.0 5
36140.0 6
36150.0 7
36160.0 3
36170.0 6
36180.0 3
36190.0 2
36200.0 2
36210.0 6
36220.0 8
36230.0 5
36240.0 4
36250.0 6
36260.0 6
36270.0 4
36280.0 3
36290.0 4
36300.0 4
36310.0 8
36320.0 6
36330.0 7
36340.0 2
36350.0 6
36360.0 5
36370.0 3
36380.0 7
36390.0 7
36400.0 8
36410.0 11
36420.0 6
36430.0 12
36440.0 8
36450.0 2
36460.0 9
36470.0 6
36480.0 6
36490.0 9
36500.0 8
36510.0 7
36520.0 5
36530.0 4
36540.0 9
36550.0 6
36560.0 3
36570.0 4
36580.0 7
36590.0 7
36600.0 4
36610.0 4
36620.0 7
36630.0 9
36640.0 10
36650.0 6
36660.0 3
36670.0 5
36680.0 2
36690.0 4
36700.0 5
36710.0 3
36720.0 6
36730.0 6
36740.0 8
36750.0 3
36760.0 5
36770.0 8
36780.0 5
36790.0 4
36800.0 5
36810.0 8
36820.0 4
36830.0 2
36840.0 5
36850.0 5
36860.0 3
36870.0 9
36880.0 8
36890.0 5
36900.0 4
36910.0 2
36920.0 7
36930.0 2
36940.0 4
36950.0 4
36960.0 3
36970.0 4
36980.0 2
36990.0 8
37000.0 8
37010.0 7
37020.0 4
37030.0 7
37040.0 2
37050.0 7
37060.0 6
37070.0 4
37080.0 6
37090.0 4
37100.0 6
37110.0 3
37120.0 6
37130.0 4
37140.0 6
37150.0 2
37160.0 3
37170.0 2
37180.0 2
37190.0 3
37200.0 5
37210.0 5
37220.0 5
37230.0 4
37240.0 3
37250.0 8
37260.0 7
37270.0 6
37280.0 6
37290.0 4
37300.0 4
37310.0 4
37320.0 5
37330.0 5
37340.0 5
37350.0 3
37360.0 3
37370.0 2
37380.0 2
37390.0 2
37400.0 5
37410.0 2
37420.0 6
37430.0 4
37440.0 4
37450.0 2
37460.0 6
37470.0 3
37480.0 6
37490.0 7
37500.0 4
37510.0 10
37520.0 7
37530.0 9
37540.0 8
37550.0 2
37560.0 1
37570.0 1
37580.0 1
37590.0 2
37600.0 3
37610.0 5
37620.0 6
37630.0 3
37640.0 3
37650.0 1
37660.0 3
37670.0 5
37680.0 3
37690.0 1
37700.0 4
37710.0 5
37720.0 1
37730.0 2
37740.0 3
37750.0 3
37760.0 3
37770.0 2
37780.0 5
37790.0 3
37800.0 5
37810.0 5
37820.0 4
37830.0 4
37840.0 1
37850.0 2
37860.0 1
37870.0 4
37880.0 1
37890.0 1
37900.0 3
37910.0 1
37920.0 5
37930.0 2
37940.0 1
37950.0 1
37960.0 1
37970.0 1
37980.0 4
37990.0 3
38000.0 3
38010.0 1
38020.0 6
38030.0 2
38040.0 2
38050.0 1
38060.0 7
38070.0 5
38080.0 1
38090.0 3
38100.0 3
38110.0 5
38120.0 2
38130.0 2
38140.0 5
38150.0 4
38160.0 7
38170.0 5
38180.0 4
38190.0 5
38200.0 4
38210.0 6
38220.0 5
38230.0 3
38240.0 3
38250.0 3
38260.0 4
38270.0 2
38280.0 3
38290.0 3
38300.0 8
38310.0 4
38320.0 5
38330.0 4
38340.0 3
38350.0 5
38360.0 2
38370.0 6
38380.0 5
38390.0 4
38400.0 2
38410.0 3
38420.0 6
38430.0 3
38440.0 7
38450.0 7
38460.0 6
38470.0 7
38480.0 5
38490.0 4
38500.0 5
38510.0 4
38520.0 6
38530.0 7
38540.0 2
38550.0 2
38560.0 3
38570.0 4
38580.0 2
38590.0 4
38600.0 2
38610.0 3
38620.0 3
38630.0 5
38640.0 5
38650.0 4
38660.0 4
38670.0 3
38680.0 2
38690.0 6
38700.0 2
38710.0 7
38720.0 3
38730.0 5
38740.0 2
38750.0 2
38760.0 3
38770.0 5
38780.0 3
38790.0 3
38800.0 3
38810.0 6
38820.0 5
38830.0 6
38840.0 5
38850.0 2
38860.0 4
38870.0 6
38880.0 5
38890.0 5
38900.0 3
38910.0 4
38920.0 5
38930.0 3
38940.0 1
38950.0 3
38960.0 7
38970.0 4
38980.0 6
38990.0 5
39000.0 5
39010.0 3
39020.0 5
39030.0 1
39040.0 4
39050.0 6
39060.0 7
39070.0 7
39080.0 3
39090.0 2
39100.0 6
39110.0 1
39120.0 3
39130.0 1
39140.0 3
39150.0 4
39160.0 3
39170.0 2
39180.0 1
39190.0 1
39200.0 4
39210.0 4
39220.0 4
39230.0 5
39240.0 4
39250.0 1
39260.0 3
39270.0 5
39280.0 3
39290.0 2
39300.0 5
39310.0 2
39320.0 1
39330.0 6
39340.0 5
39350.0 4
39360.0 2
39370.0 3
39380.0 1
39390.0 1
39400.0 5
39410.0 1
39420.0 5
39430.0 3
39440.0 2
39450.0 4
39460.0 1
39470.0 4
39480.0 3
39490.0 4
39500.0 3
39510.0 3
39520.0 2
39530.0 4
39540.0 4
39550.0 5
39560.0 4
39570.0 4
39580.0 3
39590.0 1
39600.0 4
39610.0 4
39620.0 5
39630.0 1
39640.0 3
39650.0 3
39660.0 3
39670.0 1
39680.0 1
39690.0 1
39700.0 1
39710.0 2
39720.0 4
39730.0 3
39740.0 1
39750.0 4
39760.0 3
39770.0 1
39780.0 4
39790.0 1
39800.0 2
39810.0 1
39820.0 2
39830.0 3
39840.0 1
39850.0 2
39860.0 1
39870.0 5
39880.0 3
39890.0 4
39900.0 4
39910.0 3
39920.0 3
39930.0 4
39940.0 4
39950.0 1
39960.0 1
39970.0 2
39980.0 4
39990.0 2
40000.0 3
40010.0 1
40020.0 1
40030.0 3
40040.0 4
40050.0 2
40060.0 4
40070.0 1
40080.0 1
40090.0 2
40100.0 1
40110.0 3
40120.0 3
40130.0 1
40140.0 3
40150.0 3
40160.0 3
40170.0 2
40180.0 1
40190.0 1
40200.0 1
40210.0 3
40220.0 3
40230.0 4
40240.0 2
40250.0 3
40260.0 1
40270.0 3
40280.0 3
40290.0 3
40300.0 3
40310.0 3
40320.0 3
40330.0 1
40340.0 1
40350.0 5
40360.0 3
40370.0 4
40380.0 2
40390.0 4
40400.0 4
40410.0 3
40420.0 2
40430.0 1
40440.0 1
40450.0 2
40460.0 4
40470.0 5
40480.0 2
40490.0 1
40500.0 2
40510.0 2
40520.0 2
40530.0 1
40540.0 3
40550.0 2
40560.0 1
40570.0 1
40580.0 3
40590.0 2
40600.0 2
40610.0 3
40620.0 1
40630.0 1
40640.0 1
40650.0 3
40660.0 1
40670.0 2
40680.0 3
40690.0 4
40700.0 1
40710.0 4
40720.0 2
40730.0 3
40740.0 1
40750.0 1
40760.0 3
40770.0 3
40780.0 3
40790.0 2
40800.0 2
40810.0 2
40820.0 3
40830.0 3
40840.0 1
40850.0 3
40860.0 3
40870.0 2
40880.0 3
40890.0 1
40900.0 3
40910.0 1
40920.0 3
40930.0 1
40940.0 3
40950.0 2
40960.0 1
40970.0 5
40980.0 3
40990.0 5
41000.0 2
41010.0 1
41020.0 3
41030.0 2
41040.0 1
41050.0 1
41060.0 1
41070.0 2
41080.0 1
41090.0 1
41100.0 3
41110.0 3
41120.0 2
41130.0 1
41140.0 3
41150.0 2
41160.0 4
41170.0 1
41180.0 2
41190.0 1
41200.0 1
41210.0 3
41220.0 2
41230.0 2
41240.0 1
41250.0 1
41260.0 3
41270.0 3
41280.0 3
41290.0 1
41300.0 2
41310.0 1
41320.0 4
41330.0 1
41340.0 1
41350.0 4
41360.0 3
41370.0 1
41380.0 1
41390.0 1
41400.0 1
41410.0 2
41420.0 3
41430.0 5
41440.0 2
41450.0 3
41460.0 3
41470.0 1
41480.0 2
41490.0 3
41500.0 1
41510.0 2
41520.0 2
41530.0 3
41540.0 1
41550.0 3
41560.0 3
41570.0 3
41580.0 3
41590.0 1
41600.0 2
41610.0 3
41620.0 2
41630.0 5
41640.0 2
41650.0 1
41660.0 2
41670.0 4
41680.0 1
41690.0 3
41700.0 3
41710.0 1
41720.0 3
41730.0 1
41740.0 1
41750.0 2
41760.0 2
41770.0 1
41780.0 1
41790.0 1
41800.0 2
41810.0 1
41820.0 2
41830.0 2
41840.0 1
41850.0 1
41860.0 2
41870.0 1
41880.0 1
41890.0 2
41900.0 0
41910.0 0
41920.0 2
41930.0 3
41940.0 0
41950.0 1
41960.0 0
41970.0 0
41980.0 1
41990.0 0
42000.0 0
42010.0 1
42020.0 1
42030.0 0
42040.0 1
42050.0 1
42060.0 1
42070.0 1
42080.0 1
42090.0 1
42100.0 1
42110.0 0
42120.0 0
42130.0 1
42140.0 0
42150.0 0
42160.0 1
42170.0 2
42180.0 1
42190.0 0
42200.0 1
42210.0 2
42220.0 1
42230.0 0
42240.0 2
42250.0 1
42260.0 0
42270.0 2
42280.0 0
42290.0 2
42300.0 1
42310.0 1
42320.0 0
42330.0 0
42340.0 1
42350.0 0
42360.0 1
42370.0 1
42380.0 1
42390.0 1
42400.0 1
42410.0 0
42420.0 0
42430.0 0
42440.0 0
42450.0 1
42460.0 1
42470.0 1
42480.0 0
42490.0 0
42500.0 2
42510.0 0
42520.0 2
42530.0 1
42540.0 1
42550.0 0
42560.0 0
42570.0 1
42580.0 1
42590.0 1
42600.0 1
42610.0 0
42620.0 1
42630.0 1
42640.0 0
42650.0 0
42660.0 0
42670.0 0
42680.0 1
42690.0 1
42700.0 1
42710.0 0
42720.0 1
42730.0 1
42740.0 1
42750.0 2
42760.0 0
42770.0 1
42780.0 0
42790.0 0
42800.0 1
42810.0 1
42820.0 0
42830.0 0
42840.0 0
42850.0 0
42860.0 0
42870.0 1
42880.0 1
42890.0 0
42900.0 0
42910.0 0
42920.0 1
42930.0 0
42940.0 1
42950.0 0
42960.0 0
42970.0 2
42980.0 0
42990.0 2
43000.0 1
43010.0 0
43020.0 1
43030.0 1
43040.0 0
43050.0 0
43060.0 0
43070.0 1
43080.0 1
43090.0 1
43100.0 1
43110.0 1
43120.0 1
43130.0 0
43140.0 0
43150.0 1
43160.0 1
43170.0 1
43180.0 1
43190.0 0
43200.0 1
43210.0 1
43220.0 1
43230.0 1
43240.0 1
43250.0 0
43260.0 0
43270.0 0
43280.0 0
43290.0 0
43300.0 0
43310.0 0
43320.0 0
43330.0 0
43340.0 0
43350.0 1
43360.0 1
43370.0 0
43380.0 0
43390.0 0
43400.0 0
43410.0 0
43420.0 0
43430.0 0
43440.0 0
43450.0 0
43460.0 0
43470.0 0
43480.0 0
43490.0 0
43500.0 0
43510.0 0
43520.0 0
43530.0 0
43540.0 0
43550.0 0
43560.0 0
43570.0 0
43580.0 0
43590.0 0
43600.0 0
43610.0 0
43620.0 0
43630.0 0
43640.0 0
43650.0 0
43660.0 0
43670.0 0
43680.0 0
43690.0 0
43700.0 0
43710.0 0
43720.0 1
43730.0 0
43740.0 0
43750.0 0
43760.0 0
43770.0 0
43780.0 0
43790.0 0
43800.0 0
43810.0 0
43820.0 0
43830.0 0
43840.0 0
43850.0 0
43860.0 0
43870.0 0
43880.0 0
43890.0 0
43900.0 0
43910.0 0
43920.0 0
43930.0 0
43940.0 0
43950.0 0
43960.0 0
43970.0 0
43980.0 0
43990.0 0
44000.0 0
44010.0 0
44020.0 0
44030.0 0
44040.0 0
44050.0 0
44060.0 0
44070.0 0
44080.0 0
44090.0 0
44100.0 0
44110.0 0
44120.0 0
44130.0 0
44140.0 0
44150.0 0
44160.0 0
44170.0 0
44180.0 0
44190.0 0
44200.0 0
44210.0 0
44220.0 0
44230.0 0
44240.0 0
44250.0 0
44260.0 0
44270.0 0
44280.0 0
44290.0 0
44300.0 0
44310.0 0
44320.0 0
44330.0 0
44340.0 0
44350.0 0
44360.0 0
44370.0 0
44380.0 0
44390.0 0
44400.0 0
44410.0 0
44420.0 0
44430.0 0
44440.0 0
44450.0 0
44460.0 0
44470.0 0
44480.0 0
44490.0 0
44500.0 0
44510.0 0
44520.0 0
44530.0 0
44540.0 0
44550.0 0
44560.0 0
44570.0 0
44580.0 0
44590.0 0
44600.0 0
44610.0 0
44620.0 0
44630.0 0
44640.0 0
44650.0 0
44660.0 0
44670.0 0
44680.0 0
44690.0 0
44700.0 0
44710.0 0
44720.0 0
44730.0 0
44740.0 0
44750.0 0
44760.0 0
44770.0 0
44780.0 0
44790.0 0
44800.0 0
44810.0 0
44820.0 0
44830.0 0
44840.0 0
44850.0 0
44860.0 0
44870.0 0
44880.0 0
44890.0 0
44900.0 0
44910.0 0
44920.0 1
44930.0 1
44940.0 1
44950.0 1
44960.0 0
44970.0 0
44980.0 0
44990.0 0
45000.0 0
45010.0 0
45020.0 0
45030.0 0
45040.0 0
45050.0 0
45060.0 0
45070.0 0
45080.0 0
45090.0 0
45100.0 0
45110.0 0
45120.0 0
45130.0 0
45140.0 0
45150.0 0
45160.0 0
45170.0 0
45180.0 0
45190.0 0
45200.0 0
45210.0 0
45220.0 0
45230.0 0
45240.0 0
45250.0 0
45260.0 0
45270.0 0
45280.0 0
45290.0 1
45300.0 0
45310.0 0
45320.0 0
45330.0 0
45340.0 0
45350.0 0
45360.0 0
45370.0 0
45380.0 0
45390.0 0
45400.0 1
45410.0 0
45420.0 0
45430.0 0
45440.0 0
45450.0 0
45460.0 0
45470.0 0
45480.0 0
45490.0 0
45500.0 0
45510.0 0
45520.0 0
45530.0 0
45540.0 0
45550.0 0
45560.0 0
45570.0 0
45580.0 0
45590.0 0
45600.0 0
45610.0 0
45620.0 0
45630.0 0
45640.0 0
45650.0 0
45660.0 0
45670.0 0
45680.0 0
45690.0 0
45700.0 0
45710.0 0
45720.0 0
45730.0 0
45740.0 0
45750.0 0
45760.0 0
45770.0 0
45780.0 0
45790.0 0
45800.0 0
45810.0 0
45820.0 0
45830.0 0
45840.0 0
45850.0 0
45860.0 0
45870.0 0
45880.0 0
45890.0 0
45900.0 0
45910.0 0
45920.0 0
45930.0 0
45940.0 0
45950.0 0
45960.0 0
45970.0 0
45980.0 0
45990.0 0
46000.0 0
46010.0 0
46020.0 0
46030.0 0
46040.0 0
46050.0 0
46060.0 0
46070.0 0
46080.0 0
46090.0 0
46100.0 0
46110.0 0
46120.0 0
46130.0 0
46140.0 0
46150.0 0
46160.0 0
46170.0 0
46180.0 0
46190.0 0
46200.0 0
46210.0 0
46220.0 0
46230.0 0
46240.0 0
46250.0 0
46260.0 0
46270.0 0
46280.0 0
46290.0 0
46300.0 0
46310.0 0
46320.0 0
46330.0 1
46380.0 0
46390.0 0
46400.0 0
46410.0 0
46420.0 0
46430.0 0
46440.0 0
46570.0 0
46580.0 0
46590.0 0
46600.0 0
46730.0 0
46740.0 1
46750.0 0
46760.0 0
46770.0 1
47040.0 0
47050.0 0
47060.0 0
47070.0 0
