0.0 0
100.0 0
200.0 0
300.0 1
400.0 1
500.0 1
600.0 1
700.0 1
800.0 1
900.0 1
1000.0 1
1100.0 3
1200.0 4
1300.0 8
1400.0 11
1500.0 12
1600.0 12
1700.0 12
1800.0 12
1900.0 12
2000.0 12
2100.0 12
2200.0 12
2300.0 12
2400.0 12
2500.0 12
2600.0 12
2700.0 12
2800.0 12
2900.0 12
3000.0 12
3100.0 12
3200.0 12
3300.0 12
3400.0 12
3500.0 12
3600.0 12
3700.0 12
3800.0 12
3900.0 12
4000.0 12
4100.0 12
4200.0 12
4300.0 12
4400.0 12
4500.0 12
4600.0 12
4700.0 12
4800.0 12
4900.0 12
5000.0 12
5100.0 12
5200.0 12
5300.0 12
5400.0 12
5500.0 12
5600.0 12
5700.0 12
5800.0 12
5900.0 12
6000.0 12
6100.0 12
6200.0 12
6300.0 12
6400.0 12
6500.0 12
6600.0 12
6700.0 12
6800.0 12
6900.0 12
7000.0 12
7100.0 12
7200.0 12
7300.0 12
7400.0 12
7500.0 12
7600.0 12
7700.0 11
7800.0 11
7900.0 11
8000.0 11
8100.0 11
8200.0 12
8300.0 12
8400.0 12
8500.0 9
8600.0 8
8700.0 3
8800.0 4
8900.0 6
9000.0 6
9100.0 6
9200.0 6
9300.0 6
9400.0 6
9500.0 6
9600.0 6
9700.0 6
9800.0 7
9900.0 8
10000.0 8
10100.0 8
10200.0 8
10300.0 8
10400.0 8
10500.0 8
10600.0 8
10700.0 8
10800.0 8
10900.0 8
11000.0 8
11100.0 8
11200.0 8
11300.0 8
11400.0 8
11500.0 8
11600.0 8
11700.0 8
11800.0 8
11900.0 8
12000.0 8
12100.0 8
12200.0 8
12300.0 8
12400.0 8
12500.0 8
12600.0 8
12700.0 8
12800.0 8
12900.0 8
13000.0 8
13100.0 8
13200.0 8
13300.0 8
13400.0 8
13500.0 8
13600.0 8
13700.0 8
13800.0 8
13900.0 8
14000.0 8
14100.0 8
14200.0 8
14300.0 8
14400.0 8
14500.0 8
14600.0 8
14700.0 8
14800.0 8
14900.0 8
15000.0 8
15100.0 8
15200.0 8
15300.0 8
15400.0 7
15500.0 7
15600.0 7
15700.0 7
15800.0 7
15900.0 6
16000.0 6
16100.0 4
16200.0 3
16300.0 2
16400.0 2
16500.0 2
16600.0 2
16700.0 2
16800.0 2
16900.0 2
17000.0 2
17100.0 1
17200.0 0
17300.0 0
17400.0 0
17500.0 0
17600.0 0
17700.0 0
17800.0 0
17900.0 0
18000.0 0
18100.0 0
18200.0 0
18300.0 0
18400.0 0
18500.0 0
18600.0 0
18700.0 0
18800.0 0
18900.0 0
19000.0 0
19100.0 0
19200.0 0
19300.0 0
19400.0 0
19500.0 0
19600.0 0
19700.0 0
19800.0 0
19900.0 0
20000.0 0
20100.0 0
20200.0 0
20300.0 0
20400.0 0
20500.0 0
20600.0 0
20700.0 0
20800.0 0
20900.0 1
21000.0 1
21100.0 1
21200.0 1
21300.0 1
21400.0 3
21500.0 3
21600.0 3
21700.0 3
21800.0 3
21900.0 3
22000.0 3
22100.0 3
22200.0 3
22300.0 3
22400.0 3
22500.0 3
22600.0 3
22700.0 4
22800.0 4
22900.0 4
23000.0 4
23100.0 4
23200.0 4
23300.0 4
23400.0 4
23500.0 4
23600.0 4
23700.0 4
23800.0 4
23900.0 4
24000.0 4
24100.0 4
24200.0 4
24300.0 4
24400.0 4
24500.0 5
24600.0 5
24700.0 5
24800.0 5
24900.0 5
25000.0 5
25100.0 5
25200.0 5
25300.0 5
25400.0 5
25500.0 5
25600.0 5
25700.0 5
25800.0 5
25900.0 5
26000.0 5
26100.0 5
26200.0 5
26300.0 5
26400.0 5
26500.0 5
26600.0 5
26700.0 5
26800.0 5
26900.0 5
27000.0 5
27100.0 5
27200.0 5
27300.0 5
27400.0 5
27500.0 5
27600.0 5
27700.0 5
27800.0 5
27900.0 5
28000.0 5
28100.0 5
28200.0 5
28300.0 5
28400.0 5
28500.0 5
28600.0 5
28700.0 4
28800.0 3
28900.0 3
29000.0 3
29100.0 3
29200.0 3
29300.0 3
29400.0 3
29500.0 3
29600.0 3
29700.0 3
29800.0 3
29900.0 3
30000.0 2
30100.0 2
30200.0 2
30300.0 2
30400.0 2
30500.0 2
30600.0 2
30700.0 2
30800.0 2
30900.0 2
31000.0 2
31100.0 2
31200.0 3
31300.0 3
31400.0 3
31500.0 3
31600.0 3
31700.0 3
31800.0 2
31900.0 2
32000.0 2
32100.0 2
32200.0 2
32300.0 2
32400.0 2
32500.0 2
32600.0 2
32700.0 2
32800.0 2
32900.0 2
33000.0 2
33100.0 2
33200.0 2
33300.0 2
33400.0 2
33500.0 2
33600.0 2
33700.0 2
33800.0 2
33900.0 2
34000.0 2
34100.0 2
34200.0 2
34300.0 2
34400.0 2
34500.0 2
34600.0 2
34700.0 2
34800.0 2
34900.0 2
35000.0 2
35100.0 2
35200.0 2
35300.0 2
35400.0 2
35500.0 2
35600.0 1
35700.0 1
35800.0 1
35900.0 1
36000.0 1
36100.0 1
36200.0 1
36300.0 1
36400.0 1
36500.0 1
36600.0 2
36700.0 2
36800.0 2
36900.0 2
37000.0 2
37100.0 2
37200.0 2
37300.0 2
37400.0 2
37500.0 2
37600.0 2
37700.0 2
37800.0 2
37900.0 2
38000.0 2
38100.0 2
38200.0 2
38300.0 2
38400.0 2
38500.0 2
38600.0 1
38700.0 1
38800.0 1
38900.0 1
39000.0 1
39100.0 1
39200.0 1
39300.0 1
39400.0 1
39500.0 1
39600.0 1
39700.0 1
39800.0 1
39900.0 1
40000.0 1
40100.0 1
40200.0 1
40300.0 1
40400.0 0
40500.0 0
40600.0 0
40700.0 0
40800.0 0
40900.0 0
41000.0 0
41100.0 0
41200.0 0
41300.0 0
41400.0 0
41500.0 0
41600.0 0
41700.0 0
41800.0 0
41900.0 0
42000.0 0
42100.0 0
42200.0 0
42300.0 0
42400.0 0
42500.0 0
42600.0 0
42700.0 0
42800.0 0
42900.0 0
43000.0 0
43100.0 0
43200.0 0
43400.0 0
43600.0 0
