0.0 0
100.0 0
200.0 0
300.0 0
400.0 0
500.0 0
600.0 0
700.0 1
800.0 1
900.0 1
1000.0 1
1100.0 1
1200.0 1
1300.0 1
1400.0 6
1500.0 11
1600.0 11
1700.0 11
1800.0 12
1900.0 12
2000.0 12
2100.0 12
2200.0 12
2300.0 12
2400.0 12
2500.0 12
2600.0 12
2700.0 12
2800.0 12
2900.0 12
3000.0 12
3100.0 12
3200.0 12
3300.0 12
3400.0 12
3500.0 12
3600.0 12
3700.0 12
3800.0 12
3900.0 12
4000.0 12
4100.0 12
4200.0 12
4300.0 12
4400.0 12
4500.0 12
4600.0 12
4700.0 12
4800.0 12
4900.0 12
5000.0 12
5100.0 12
5200.0 12
5300.0 12
5400.0 12
5500.0 12
5600.0 12
5700.0 12
5800.0 12
5900.0 12
6000.0 12
6100.0 12
6200.0 12
6300.0 12
6400.0 12
6500.0 12
6600.0 12
6700.0 12
6800.0 12
6900.0 12
7000.0 12
7100.0 12
7200.0 12
7300.0 12
7400.0 12
7500.0 12
7600.0 12
7700.0 12
7800.0 12
7900.0 12
8000.0 12
8100.0 13
8200.0 13
8300.0 13
8400.0 13
8500.0 13
8600.0 13
8700.0 12
8800.0 7
8900.0 4
9000.0 4
9100.0 4
9200.0 4
9300.0 6
9400.0 6
9500.0 6
9600.0 7
9700.0 7
9800.0 7
9900.0 7
10000.0 7
10100.0 7
10200.0 7
10300.0 7
10400.0 7
10500.0 7
10600.0 7
10700.0 7
10800.0 7
10900.0 7
11000.0 7
11100.0 7
11200.0 7
11300.0 7
11400.0 7
11500.0 7
11600.0 7
11700.0 7
11800.0 7
11900.0 7
12000.0 7
12100.0 7
12200.0 7
12300.0 7
12400.0 7
12500.0 7
12600.0 7
12700.0 7
12800.0 7
12900.0 7
13000.0 7
13100.0 7
13200.0 7
13300.0 7
13400.0 7
13500.0 7
13600.0 7
13700.0 7
13800.0 7
13900.0 7
14000.0 7
14100.0 7
14200.0 7
14300.0 7
14400.0 7
14500.0 7
14600.0 7
14700.0 7
14800.0 7
14900.0 7
15000.0 7
15100.0 7
15200.0 7
15300.0 7
15400.0 7
15500.0 7
15600.0 7
15700.0 7
15800.0 7
15900.0 7
16000.0 7
16100.0 7
16200.0 7
16300.0 7
16400.0 7
16500.0 6
16600.0 5
16700.0 4
16800.0 4
16900.0 3
17000.0 3
17100.0 3
17200.0 3
17300.0 3
17400.0 3
17500.0 3
17600.0 3
17700.0 3
17800.0 3
17900.0 3
18000.0 3
18100.0 3
18200.0 3
18300.0 3
18400.0 3
18500.0 3
18600.0 3
18700.0 3
18800.0 3
18900.0 3
19000.0 3
19100.0 3
19200.0 3
19300.0 3
19400.0 3
19500.0 3
19600.0 3
19700.0 3
19800.0 3
19900.0 3
20000.0 3
20100.0 3
20200.0 3
20300.0 3
20400.0 3
20500.0 3
20600.0 3
20700.0 3
20800.0 3
20900.0 3
21000.0 3
21100.0 3
21200.0 3
21300.0 3
21400.0 3
21500.0 3
21600.0 3
21700.0 4
21800.0 4
21900.0 4
22000.0 4
22100.0 4
22200.0 4
22300.0 4
22400.0 4
22500.0 4
22600.0 4
22700.0 4
22800.0 4
22900.0 4
23000.0 4
23100.0 5
23200.0 5
23300.0 5
23400.0 5
23500.0 5
23600.0 5
23700.0 5
23800.0 5
23900.0 5
24000.0 5
24100.0 5
24200.0 5
24300.0 5
24400.0 5
24500.0 5
24600.0 5
24700.0 5
24800.0 5
24900.0 5
25000.0 5
25100.0 5
25200.0 5
25300.0 5
25400.0 5
25500.0 5
25600.0 5
25700.0 5
25800.0 5
25900.0 5
26000.0 5
26100.0 5
26200.0 5
26300.0 5
26400.0 5
26500.0 5
26600.0 5
26700.0 5
26800.0 5
26900.0 5
27000.0 5
27100.0 5
27200.0 5
27300.0 5
27400.0 5
27500.0 5
27600.0 5
27700.0 5
27800.0 5
27900.0 5
28000.0 5
28100.0 5
28200.0 5
28300.0 5
28400.0 5
28500.0 5
28600.0 5
28700.0 5
28800.0 5
28900.0 5
29000.0 3
29100.0 3
29200.0 3
29300.0 3
29400.0 3
29500.0 3
29600.0 3
29700.0 3
29800.0 3
29900.0 3
30000.0 3
30100.0 3
30200.0 3
30300.0 3
30400.0 3
30500.0 2
30600.0 2
30700.0 2
30800.0 2
30900.0 1
31000.0 1
31100.0 1
31200.0 1
31300.0 1
31400.0 1
31500.0 1
31600.0 1
31700.0 1
31800.0 1
31900.0 1
32000.0 1
32100.0 1
32200.0 1
32300.0 1
32400.0 1
32500.0 1
32600.0 1
32700.0 1
32800.0 1
32900.0 1
33000.0 1
33100.0 1
33200.0 1
33300.0 1
33400.0 1
33500.0 1
33600.0 1
33700.0 1
33800.0 1
33900.0 1
34000.0 1
34100.0 1
34200.0 1
34300.0 1
34400.0 1
34500.0 1
34600.0 1
34700.0 1
34800.0 1
34900.0 1
35000.0 1
35100.0 1
35200.0 1
35300.0 1
35400.0 1
35500.0 1
35600.0 1
35700.0 1
35800.0 1
35900.0 1
36000.0 1
36100.0 1
36200.0 1
36300.0 1
36400.0 1
36500.0 1
36600.0 1
36700.0 1
36800.0 1
36900.0 1
37000.0 1
37100.0 1
37200.0 1
37300.0 1
37400.0 1
37500.0 1
37600.0 1
37700.0 1
37800.0 1
37900.0 1
38000.0 1
38100.0 1
38200.0 1
38300.0 1
38400.0 1
38500.0 1
38600.0 1
38700.0 1
38800.0 1
38900.0 1
39000.0 1
39100.0 1
39200.0 1
39300.0 1
39400.0 1
39500.0 1
39600.0 1
39700.0 1
39800.0 1
39900.0 1
40000.0 1
40100.0 1
40200.0 1
40300.0 1
40400.0 2
40500.0 2
40600.0 2
40700.0 2
40800.0 2
40900.0 2
41000.0 2
41100.0 2
41200.0 2
41300.0 2
41400.0 2
41500.0 2
41600.0 2
41700.0 2
41800.0 2
41900.0 2
42000.0 2
42100.0 2
42200.0 2
42300.0 2
42400.0 2
42500.0 2
42600.0 2
42700.0 2
42800.0 2
42900.0 2
43000.0 2
43100.0 2
43200.0 2
43600.0 2
43800.0 2
43900.0 2
44500.0 1
