0.0 0
100.0 0
200.0 0
300.0 0
400.0 1
500.0 2
600.0 2
700.0 2
800.0 2
900.0 2
1000.0 2
1100.0 2
1200.0 2
1300.0 2
1400.0 2
1500.0 3
1600.0 3
1700.0 3
1800.0 3
1900.0 3
2000.0 3
2100.0 3
2200.0 3
2300.0 3
2400.0 3
2500.0 3
2600.0 3
2700.0 3
2800.0 3
2900.0 3
3000.0 3
3100.0 3
3200.0 3
3300.0 3
3400.0 3
3500.0 3
3600.0 3
3700.0 3
3800.0 3
3900.0 3
4000.0 3
4100.0 3
4200.0 3
4300.0 3
4400.0 3
4500.0 3
4600.0 3
4700.0 3
4800.0 3
4900.0 3
5000.0 3
5100.0 3
5200.0 3
5300.0 3
5400.0 3
5500.0 3
5600.0 3
5700.0 3
5800.0 3
5900.0 3
6000.0 3
6100.0 3
6200.0 3
6300.0 3
6400.0 3
6500.0 3
6600.0 3
6700.0 3
6800.0 3
6900.0 3
7000.0 3
7100.0 3
7200.0 3
7300.0 3
7400.0 3
7500.0 3
7600.0 3
7700.0 3
7800.0 2
7900.0 1
8000.0 1
8100.0 1
8200.0 1
8300.0 1
8400.0 1
8500.0 1
8600.0 1
8700.0 1
8800.0 0
8900.0 0
9000.0 0
9100.0 0
9200.0 0
9300.0 0
9400.0 0
9500.0 0
9600.0 2
9700.0 2
9800.0 2
9900.0 2
10000.0 2
10100.0 2
10200.0 2
10300.0 2
10400.0 2
10500.0 2
10600.0 2
10700.0 2
10800.0 2
10900.0 2
11000.0 2
11100.0 2
11200.0 2
11300.0 2
11400.0 2
11500.0 2
11600.0 2
11700.0 2
11800.0 2
11900.0 2
12000.0 2
12100.0 2
12200.0 2
12300.0 2
12400.0 2
12500.0 2
12600.0 2
12700.0 2
12800.0 2
12900.0 2
13000.0 2
13100.0 2
13200.0 2
13300.0 2
13400.0 2
13500.0 2
13600.0 2
13700.0 2
13800.0 2
13900.0 2
14000.0 2
14100.0 2
14200.0 2
14300.0 2
14400.0 2
14500.0 2
14600.0 2
14700.0 2
14800.0 2
14900.0 2
15000.0 2
15100.0 2
15200.0 2
15300.0 2
15400.0 2
15500.0 2
15600.0 2
15700.0 2
15800.0 2
15900.0 2
16000.0 2
16100.0 2
16200.0 2
16300.0 2
16400.0 2
16500.0 2
16600.0 2
16700.0 2
16800.0 2
16900.0 2
17000.0 0
17100.0 0
17200.0 0
17300.0 0
17400.0 0
17500.0 0
17600.0 0
17700.0 0
17800.0 0
17900.0 0
18000.0 0
18200.0 0
18300.0 0
18400.0 0
18600.0 0
18700.0 0
18800.0 0
18900.0 0
19300.0 0
19400.0 0
19500.0 0
19600.0 0
19700.0 0
19800.0 0
19900.0 0
20100.0 0
20200.0 0
20300.0 0
20400.0 0
20500.0 0
20600.0 0
20700.0 0
20800.0 0
20900.0 0
21000.0 0
21100.0 0
21200.0 0
21300.0 1
21400.0 1
21500.0 2
21600.0 3
21700.0 3
21800.0 3
21900.0 3
22000.0 3
22100.0 3
22200.0 5
22300.0 5
22400.0 6
22500.0 6
22600.0 6
22700.0 6
22800.0 6
22900.0 6
23000.0 6
23100.0 6
23200.0 6
23300.0 6
23400.0 6
23500.0 6
23600.0 6
23700.0 6
23800.0 6
23900.0 6
24000.0 6
24100.0 6
24200.0 6
24300.0 6
24400.0 6
24500.0 6
24600.0 6
24700.0 6
24800.0 6
24900.0 6
25000.0 6
25100.0 6
25200.0 6
25300.0 6
25400.0 6
25500.0 6
25600.0 6
25700.0 6
25800.0 6
25900.0 6
26000.0 6
26100.0 6
26200.0 6
26300.0 6
26400.0 6
26500.0 6
26600.0 6
26700.0 6
26800.0 6
26900.0 6
27000.0 6
27100.0 6
27200.0 6
27300.0 6
27400.0 6
27500.0 6
27600.0 6
27700.0 6
27800.0 6
27900.0 6
28000.0 6
28100.0 7
28200.0 7
28300.0 7
28400.0 7
28500.0 7
28600.0 6
28700.0 6
28800.0 5
28900.0 5
29000.0 5
29100.0 5
29200.0 6
29300.0 6
29400.0 6
29500.0 6
29600.0 5
29700.0 4
29800.0 4
29900.0 4
30000.0 4
30100.0 5
30200.0 5
30300.0 5
30400.0 6
30500.0 6
30600.0 7
30700.0 7
30800.0 7
30900.0 7
31000.0 7
31100.0 7
31200.0 7
31300.0 7
31400.0 7
31500.0 8
31600.0 8
31700.0 8
31800.0 8
31900.0 8
32000.0 8
32100.0 8
32200.0 8
32300.0 8
32400.0 8
32500.0 8
32600.0 8
32700.0 8
32800.0 8
32900.0 8
33000.0 8
33100.0 8
33200.0 8
33300.0 8
33400.0 8
33500.0 8
33600.0 8
33700.0 9
33800.0 9
33900.0 9
34000.0 9
34100.0 9
34200.0 9
34300.0 9
34400.0 9
34500.0 9
34600.0 9
34700.0 9
34800.0 9
34900.0 9
35000.0 9
35100.0 9
35200.0 9
35300.0 9
35400.0 8
35500.0 8
35600.0 8
35700.0 8
35800.0 8
35900.0 8
36000.0 8
36100.0 7
36200.0 7
36300.0 7
36400.0 7
36500.0 7
36600.0 7
36700.0 7
36800.0 7
36900.0 6
37000.0 6
37100.0 6
37200.0 6
37300.0 6
37400.0 6
37500.0 5
37600.0 5
37700.0 5
37800.0 4
37900.0 4
38000.0 3
38100.0 3
38200.0 3
38300.0 3
38400.0 3
38500.0 3
38600.0 3
38700.0 3
38800.0 3
38900.0 2
39000.0 2
39100.0 2
39200.0 2
39300.0 2
39400.0 2
39500.0 2
39600.0 2
39700.0 2
39800.0 2
39900.0 2
40000.0 2
40100.0 2
40200.0 2
40300.0 2
40400.0 1
40500.0 1
40600.0 1
40700.0 1
40800.0 1
40900.0 1
41000.0 1
41100.0 0
41200.0 0
41400.0 0
41500.0 0
41600.0 0
42000.0 0
42200.0 0
42300.0 0
42400.0 0
42500.0 0
42600.0 0
42700.0 0
42800.0 0
42900.0 0
43200.0 0
43300.0 0
43800.0 0
44400.0 0
