0.0 0
100.0 0
200.0 0
300.0 2
400.0 8
500.0 9
600.0 9
700.0 9
800.0 10
900.0 10
1000.0 10
1100.0 11
1200.0 12
1300.0 14
1400.0 15
1500.0 15
1600.0 15
1700.0 15
1800.0 15
1900.0 15
2000.0 15
2100.0 15
2200.0 15
2300.0 15
2400.0 15
2500.0 15
2600.0 15
2700.0 15
2800.0 15
2900.0 15
3000.0 15
3100.0 15
3200.0 15
3300.0 15
3400.0 15
3500.0 15
3600.0 15
3700.0 15
3800.0 15
3900.0 15
4000.0 15
4100.0 15
4200.0 15
4300.0 15
4400.0 15
4500.0 15
4600.0 15
4700.0 15
4800.0 15
4900.0 15
5000.0 15
5100.0 15
5200.0 15
5300.0 15
5400.0 15
5500.0 15
5600.0 15
5700.0 15
5800.0 15
5900.0 15
6000.0 15
6100.0 15
6200.0 15
6300.0 15
6400.0 15
6500.0 15
6600.0 15
6700.0 15
6800.0 15
6900.0 15
7000.0 15
7100.0 15
7200.0 15
7300.0 15
7400.0 15
7500.0 15
7600.0 15
7700.0 11
7800.0 8
7900.0 7
8000.0 7
8100.0 8
8200.0 8
8300.0 8
8400.0 8
8500.0 7
8600.0 6
8700.0 6
8800.0 6
8900.0 7
9000.0 8
9100.0 8
9200.0 8
9300.0 9
9400.0 9
9500.0 9
9600.0 9
9700.0 10
9800.0 11
9900.0 11
10000.0 11
10100.0 11
10200.0 11
10300.0 11
10400.0 12
10500.0 12
10600.0 12
10700.0 12
10800.0 12
10900.0 13
11000.0 12
11100.0 12
11200.0 12
11300.0 12
11400.0 12
11500.0 12
11600.0 12
11700.0 12
11800.0 12
11900.0 12
12000.0 12
12100.0 12
12200.0 12
12300.0 12
12400.0 12
12500.0 12
12600.0 13
12700.0 13
12800.0 12
12900.0 12
13000.0 12
13100.0 12
13200.0 12
13300.0 12
13400.0 12
13500.0 13
13600.0 12
13700.0 12
13800.0 12
13900.0 12
14000.0 12
14100.0 12
14200.0 12
14300.0 12
14400.0 12
14500.0 12
14600.0 12
14700.0 12
14800.0 12
14900.0 12
15000.0 11
15100.0 11
15200.0 11
15300.0 11
15400.0 10
15500.0 9
15600.0 9
15700.0 9
15800.0 9
15900.0 8
16000.0 8
16100.0 7
16200.0 6
16300.0 6
16400.0 5
16500.0 5
16600.0 5
16700.0 4
16800.0 4
16900.0 4
17000.0 3
17100.0 3
17200.0 3
17300.0 2
17400.0 2
17500.0 2
17600.0 2
17700.0 2
17800.0 1
17900.0 1
18000.0 1
18100.0 1
18200.0 1
18300.0 1
18400.0 1
18500.0 1
18600.0 1
18700.0 1
18800.0 1
18900.0 1
19000.0 1
19100.0 2
19200.0 2
19300.0 2
19400.0 2
19500.0 2
19600.0 2
19700.0 2
19800.0 2
19900.0 2
20000.0 2
20100.0 2
20200.0 3
20300.0 3
20400.0 3
20500.0 3
20600.0 3
20700.0 3
20800.0 4
20900.0 4
21000.0 4
21100.0 5
21200.0 5
21300.0 5
21400.0 6
21500.0 6
21600.0 6
21700.0 6
21800.0 6
21900.0 7
22000.0 7
22100.0 7
22200.0 8
22300.0 8
22400.0 8
22500.0 8
22600.0 7
22700.0 7
22800.0 7
22900.0 7
23000.0 7
23100.0 8
23200.0 8
23300.0 8
23400.0 7
23500.0 7
23600.0 8
23700.0 8
23800.0 8
23900.0 8
24000.0 8
24100.0 8
24200.0 8
24300.0 8
24400.0 8
24500.0 9
24600.0 9
24700.0 10
24800.0 10
24900.0 9
25000.0 9
25100.0 9
25200.0 9
25300.0 9
25400.0 9
25500.0 9
25600.0 9
25700.0 9
25800.0 9
25900.0 10
26000.0 9
26100.0 10
26200.0 9
26300.0 9
26400.0 9
26500.0 9
26600.0 9
26700.0 9
26800.0 9
26900.0 9
27000.0 9
27100.0 9
27200.0 9
27300.0 9
27400.0 9
27500.0 9
27600.0 9
27700.0 9
27800.0 9
27900.0 9
28000.0 9
28100.0 9
28200.0 9
28300.0 9
28400.0 9
28500.0 9
28600.0 9
28700.0 9
28800.0 9
28900.0 9
29000.0 9
29100.0 8
29200.0 8
29300.0 7
29400.0 7
29500.0 7
29600.0 7
29700.0 7
29800.0 7
29900.0 9
30000.0 9
30100.0 9
30200.0 9
30300.0 9
30400.0 9
30500.0 9
30600.0 9
30700.0 8
30800.0 8
30900.0 9
31000.0 9
31100.0 8
31200.0 8
31300.0 9
31400.0 9
31500.0 9
31600.0 9
31700.0 9
31800.0 8
31900.0 7
32000.0 7
32100.0 7
32200.0 7
32300.0 7
32400.0 7
32500.0 7
32600.0 7
32700.0 7
32800.0 7
32900.0 7
33000.0 7
33100.0 7
33200.0 7
33300.0 7
33400.0 8
33500.0 8
33600.0 8
33700.0 8
33800.0 7
33900.0 7
34000.0 7
34100.0 7
34200.0 7
34300.0 7
34400.0 7
34500.0 7
34600.0 7
34700.0 7
34800.0 7
34900.0 7
35000.0 7
35100.0 7
35200.0 7
35300.0 7
35400.0 7
35500.0 6
35600.0 6
35700.0 5
35800.0 5
35900.0 5
36000.0 5
36100.0 5
36200.0 5
36300.0 5
36400.0 5
36500.0 5
36600.0 5
36700.0 5
36800.0 5
36900.0 5
37000.0 5
37100.0 4
37200.0 4
37300.0 3
37400.0 3
37500.0 3
37600.0 3
37700.0 3
37800.0 3
37900.0 3
38000.0 3
38100.0 3
38200.0 3
38300.0 2
38400.0 2
38500.0 2
38600.0 2
38700.0 2
38800.0 2
38900.0 2
39000.0 2
39100.0 2
39200.0 2
39300.0 2
39400.0 2
39500.0 2
39600.0 1
39700.0 1
39800.0 1
39900.0 1
40000.0 1
40100.0 1
40200.0 1
40300.0 1
40400.0 1
40500.0 1
40600.0 1
40700.0 1
40800.0 0
40900.0 0
41000.0 0
41100.0 0
41200.0 0
41300.0 0
41400.0 0
41500.0 0
41600.0 0
41700.0 0
41800.0 0
41900.0 0
42000.0 0
42100.0 0
42200.0 0
42300.0 0
42400.0 0
42500.0 0
42600.0 0
42700.0 0
42800.0 0
42900.0 0
43000.0 0
43100.0 0
43200.0 0
43400.0 0
43500.0 0
43700.0 0
44700.0 0
