0.0 0
100.0 0
200.0 0
300.0 1
400.0 1
500.0 3
600.0 5
700.0 5
800.0 5
900.0 5
1000.0 5
1100.0 5
1200.0 5
1300.0 5
1400.0 6
1500.0 6
1600.0 6
1700.0 6
1800.0 6
1900.0 6
2000.0 7
2100.0 7
2200.0 7
2300.0 7
2400.0 7
2500.0 7
2600.0 7
2700.0 7
2800.0 7
2900.0 7
3000.0 7
3100.0 7
3200.0 7
3300.0 7
3400.0 7
3500.0 7
3600.0 7
3700.0 7
3800.0 7
3900.0 7
4000.0 7
4100.0 7
4200.0 7
4300.0 7
4400.0 7
4500.0 7
4600.0 7
4700.0 7
4800.0 7
4900.0 7
5000.0 7
5100.0 7
5200.0 7
5300.0 7
5400.0 7
5500.0 7
5600.0 7
5700.0 7
5800.0 7
5900.0 7
6000.0 7
6100.0 7
6200.0 7
6300.0 7
6400.0 7
6500.0 7
6600.0 7
6700.0 7
6800.0 7
6900.0 7
7000.0 7
7100.0 7
7200.0 7
7300.0 7
7400.0 7
7500.0 7
7600.0 7
7700.0 7
7800.0 7
7900.0 7
8000.0 7
8100.0 7
8200.0 7
8300.0 7
8400.0 7
8500.0 7
8600.0 7
8700.0 7
8800.0 7
8900.0 7
9000.0 7
9100.0 7
9200.0 7
9300.0 7
9400.0 7
9500.0 7
9600.0 7
9700.0 7
9800.0 7
9900.0 7
10000.0 7
10100.0 7
10200.0 7
10300.0 7
10400.0 7
10500.0 7
10600.0 7
10700.0 7
10800.0 7
10900.0 7
11000.0 7
11100.0 7
11200.0 7
11300.0 7
11400.0 7
11500.0 7
11600.0 7
11700.0 6
11800.0 7
11900.0 7
12000.0 7
12100.0 7
12200.0 7
12300.0 7
12400.0 7
12500.0 7
12600.0 7
12700.0 7
12800.0 7
12900.0 7
13000.0 7
13100.0 7
13200.0 7
13300.0 7
13400.0 7
13500.0 7
13600.0 7
13700.0 7
13800.0 7
13900.0 7
14000.0 7
14100.0 7
14200.0 7
14300.0 7
14400.0 7
14500.0 7
14600.0 7
14700.0 7
14800.0 7
14900.0 6
15000.0 6
15100.0 2
15200.0 2
15300.0 2
15400.0 2
15500.0 2
15600.0 2
15700.0 2
15800.0 2
15900.0 2
16000.0 1
16100.0 1
16200.0 1
16300.0 1
16400.0 1
16500.0 1
16600.0 1
16700.0 1
16800.0 1
16900.0 1
17000.0 1
17100.0 1
17200.0 1
17300.0 1
17400.0 1
17500.0 1
17600.0 1
17700.0 1
17800.0 1
17900.0 1
18000.0 1
18100.0 1
18200.0 1
18300.0 1
18400.0 1
18500.0 1
18600.0 1
18700.0 1
18800.0 1
18900.0 1
19000.0 1
19100.0 1
19200.0 1
19300.0 2
19400.0 2
19500.0 2
19600.0 4
19700.0 3
19800.0 4
19900.0 4
20000.0 4
20100.0 5
20200.0 6
20300.0 6
20400.0 6
20500.0 6
20600.0 6
20700.0 6
20800.0 6
20900.0 6
21000.0 6
21100.0 6
21200.0 6
21300.0 6
21400.0 6
21500.0 6
21600.0 6
21700.0 6
21800.0 6
21900.0 6
22000.0 6
22100.0 6
22200.0 6
22300.0 6
22400.0 6
22500.0 6
22600.0 6
22700.0 6
22800.0 6
22900.0 6
23000.0 6
23100.0 6
23200.0 6
23300.0 6
23400.0 6
23500.0 6
23600.0 6
23700.0 6
23800.0 6
23900.0 6
24000.0 6
24100.0 6
24200.0 6
24300.0 6
24400.0 6
24500.0 6
24600.0 6
24700.0 6
24800.0 6
24900.0 6
25000.0 6
25100.0 6
25200.0 6
25300.0 6
25400.0 6
25500.0 6
25600.0 6
25700.0 6
25800.0 6
25900.0 6
26000.0 6
26100.0 6
26200.0 6
26300.0 6
26400.0 7
26500.0 7
26600.0 7
26700.0 7
26800.0 7
26900.0 7
27000.0 7
27100.0 7
27200.0 7
27300.0 7
27400.0 7
27500.0 7
27600.0 7
27700.0 7
27800.0 7
27900.0 7
28000.0 7
28100.0 7
28200.0 7
28300.0 7
28400.0 7
28500.0 7
28600.0 7
28700.0 7
28800.0 7
28900.0 7
29000.0 7
29100.0 7
29200.0 7
29300.0 7
29400.0 7
29500.0 7
29600.0 7
29700.0 7
29800.0 7
29900.0 7
30000.0 7
30100.0 7
30200.0 7
30300.0 7
30400.0 7
30500.0 7
30600.0 7
30700.0 7
30800.0 7
30900.0 7
31000.0 7
31100.0 7
31200.0 7
31300.0 7
31400.0 7
31500.0 7
31600.0 7
31700.0 7
31800.0 7
31900.0 7
32000.0 7
32100.0 7
32200.0 7
32300.0 7
32400.0 7
32500.0 7
32600.0 7
32700.0 7
32800.0 7
32900.0 7
33000.0 7
33100.0 7
33200.0 6
33300.0 6
33400.0 7
33500.0 7
33600.0 7
33700.0 7
33800.0 7
33900.0 7
34000.0 7
34100.0 7
34200.0 7
34300.0 7
34400.0 7
34500.0 7
34600.0 7
34700.0 7
34800.0 7
34900.0 7
35000.0 7
35100.0 7
35200.0 7
35300.0 7
35400.0 7
35500.0 7
35600.0 7
35700.0 7
35800.0 7
35900.0 7
36000.0 7
36100.0 7
36200.0 7
36300.0 7
36400.0 7
36500.0 7
36600.0 7
36700.0 7
36800.0 7
36900.0 7
37000.0 7
37100.0 7
37200.0 7
37300.0 7
37400.0 6
37500.0 5
37600.0 5
37700.0 4
37800.0 4
37900.0 4
38000.0 4
38100.0 4
38200.0 2
38300.0 2
38400.0 1
38500.0 1
38600.0 1
38700.0 1
38800.0 1
38900.0 1
39000.0 1
39100.0 1
39200.0 1
39300.0 1
39400.0 1
39500.0 1
39600.0 1
39700.0 1
39800.0 1
39900.0 1
40000.0 1
40100.0 1
40200.0 1
40300.0 1
40400.0 1
40500.0 1
40600.0 1
40700.0 1
40800.0 1
40900.0 1
41000.0 1
41100.0 1
41200.0 1
41300.0 1
41400.0 1
41500.0 1
41600.0 1
41700.0 1
41800.0 1
41900.0 1
42000.0 1
42100.0 1
42200.0 1
42300.0 1
42400.0 1
42500.0 1
42600.0 1
42700.0 1
42800.0 1
42900.0 1
43000.0 1
43100.0 1
43200.0 1
43300.0 1
43400.0 1
43500.0 1
