0.0 0
100.0 0
200.0 0
300.0 0
400.0 0
500.0 0
600.0 0
700.0 0
800.0 0
900.0 0
1000.0 0
1100.0 0
1200.0 0
1300.0 1
1400.0 2
1500.0 3
1600.0 0
1700.0 1
1800.0 2
1900.0 3
2000.0 1
2100.0 3
2200.0 2
2300.0 3
2400.0 1
2500.0 0
2600.0 2
2700.0 0
2800.0 0
2900.0 3
3000.0 1
3100.0 3
3200.0 3
3300.0 2
3400.0 2
3500.0 1
3600.0 0
3700.0 1
3800.0 1
3900.0 1
4000.0 3
4100.0 0
4200.0 1
4300.0 0
4400.0 2
4500.0 1
4600.0 1
4700.0 1
4800.0 2
4900.0 3
5000.0 0
5100.0 1
5200.0 3
5300.0 0
5400.0 0
5500.0 3
5600.0 3
5700.0 3
5800.0 1
5900.0 1
6000.0 1
6100.0 3
6200.0 2
6300.0 0
6400.0 2
6500.0 2
6600.0 1
6700.0 1
6800.0 3
6900.0 0
7000.0 0
7100.0 1
7200.0 2
7300.0 3
7400.0 0
7500.0 1
7600.0 0
7700.0 3
7800.0 2
7900.0 0
8000.0 1
8100.0 2
8200.0 1
8300.0 3
8400.0 1
8500.0 2
8600.0 1
8700.0 1
8800.0 0
8900.0 3
9000.0 2
9100.0 1
9200.0 2
9300.0 7
9400.0 5
9500.0 0
9600.0 5
9700.0 4
9800.0 7
9900.0 1
10000.0 8
10100.0 9
10200.0 1
10300.0 4
10400.0 6
10500.0 3
10600.0 2
10700.0 5
10800.0 6
10900.0 3
11000.0 5
11100.0 3
11200.0 2
11300.0 5
11400.0 4
11500.0 6
11600.0 6
11700.0 7
11800.0 5
11900.0 8
12000.0 4
12100.0 5
12200.0 0
12300.0 4
12400.0 6
12500.0 1
12600.0 8
12700.0 3
12800.0 3
12900.0 6
13000.0 1
13100.0 3
13200.0 6
13300.0 2
13400.0 0
13500.0 0
13600.0 3
13700.0 6
13800.0 3
13900.0 5
14000.0 0
14100.0 3
14200.0 5
14300.0 5
14400.0 3
14500.0 5
14600.0 7
14700.0 6
14800.0 1
14900.0 8
15000.0 1
15100.0 2
15200.0 0
15300.0 7
15400.0 3
15500.0 2
15600.0 7
15700.0 2
15800.0 3
15900.0 3
16000.0 1
16100.0 7
16200.0 1
16300.0 3
16400.0 5
16500.0 1
16600.0 2
16700.0 4
16800.0 1
16900.0 0
17000.0 2
17100.0 1
17200.0 3
17300.0 3
17400.0 0
17500.0 1
17600.0 1
17700.0 2
17800.0 0
17900.0 2
18000.0 1
18100.0 0
18200.0 2
18300.0 1
18400.0 0
18500.0 1
18600.0 2
18700.0 2
18800.0 1
18900.0 1
19000.0 2
19100.0 2
19200.0 2
19300.0 2
19400.0 2
19500.0 2
19600.0 0
19700.0 0
19800.0 0
19900.0 0
20000.0 2
20100.0 2
20200.0 1
20300.0 2
20400.0 1
20500.0 1
20600.0 1
20700.0 0
20800.0 0
20900.0 1
21000.0 2
21100.0 0
21200.0 3
21300.0 2
21400.0 3
21500.0 3
21600.0 1
21700.0 3
21800.0 3
21900.0 0
22000.0 1
22100.0 2
22200.0 4
22300.0 1
22400.0 1
22500.0 0
22600.0 3
22700.0 3
22800.0 1
22900.0 5
23000.0 5
23100.0 0
23200.0 0
23300.0 4
23400.0 2
23500.0 1
23600.0 2
23700.0 3
23800.0 1
23900.0 0
24000.0 1
24100.0 1
24200.0 1
24300.0 0
24400.0 3
24500.0 1
24600.0 1
24700.0 1
24800.0 0
24900.0 3
25000.0 2
25100.0 2
25200.0 2
25300.0 1
25400.0 1
25500.0 3
25600.0 0
25700.0 1
25800.0 1
25900.0 2
26000.0 2
26100.0 0
26200.0 0
26300.0 3
26400.0 0
26500.0 3
26600.0 0
26700.0 2
26800.0 0
26900.0 1
27000.0 2
27100.0 1
27200.0 3
27300.0 3
27400.0 3
27500.0 3
27600.0 1
27700.0 4
27800.0 0
27900.0 3
28000.0 3
28100.0 1
28200.0 3
28300.0 1
28400.0 4
28500.0 3
28600.0 3
28700.0 2
28800.0 0
28900.0 2
29000.0 3
29100.0 2
29200.0 3
29300.0 1
29400.0 2
29500.0 1
29600.0 0
29700.0 1
29800.0 1
29900.0 3
30000.0 0
30100.0 2
30200.0 2
30300.0 1
30400.0 2
30500.0 1
30600.0 1
30700.0 0
30800.0 1
30900.0 1
31000.0 1
31100.0 1
31200.0 2
31300.0 2
31400.0 2
31500.0 2
31600.0 0
31700.0 0
31800.0 2
31900.0 0
32000.0 2
32100.0 0
32200.0 1
32300.0 3
32400.0 2
32500.0 0
32600.0 4
32700.0 3
32800.0 4
32900.0 0
33000.0 3
33100.0 1
33200.0 4
33300.0 1
33400.0 3
33500.0 1
33600.0 4
33700.0 3
33800.0 0
33900.0 3
34000.0 2
34100.0 4
34200.0 2
34300.0 0
34400.0 1
34500.0 0
34600.0 3
34700.0 0
34800.0 3
34900.0 4
35000.0 2
35100.0 0
35200.0 0
35300.0 3
35400.0 0
35500.0 0
35600.0 3
35700.0 0
35800.0 2
35900.0 2
36000.0 2
36100.0 0
36200.0 1
36300.0 2
36400.0 1
36500.0 0
36600.0 1
36700.0 0
36800.0 1
36900.0 3
37000.0 0
37100.0 1
37200.0 3
37300.0 2
37400.0 2
37500.0 1
37600.0 0
37700.0 2
37800.0 1
37900.0 1
38000.0 1
38100.0 0
38200.0 1
38300.0 1
38400.0 2
38500.0 2
38600.0 2
38700.0 1
38800.0 2
38900.0 0
39000.0 2
39100.0 2
39200.0 1
39300.0 0
39400.0 1
39500.0 2
39600.0 1
39700.0 0
39800.0 1
39900.0 1
40000.0 0
40100.0 0
40200.0 0
40300.0 1
40400.0 0
40500.0 0
40600.0 0
40700.0 0
40800.0 0
40900.0 0
41000.0 0
41100.0 0
41200.0 0
41300.0 0
41400.0 1
41500.0 1
41600.0 1
41700.0 1
41800.0 0
41900.0 0
42000.0 1
42100.0 1
42200.0 0
42300.0 0
42400.0 0
42500.0 0
42600.0 1
42700.0 0
42800.0 1
42900.0 0
43000.0 0
43100.0 0
43200.0 1
43300.0 0
43400.0 0
43500.0 0
43600.0 1
43700.0 0
43800.0 0
43900.0 1
44000.0 1
44100.0 0
44200.0 1
44300.0 0
44400.0 1
44500.0 1
44600.0 0
44700.0 1
44800.0 0
44900.0 1
45000.0 0
45100.0 1
45200.0 0
45300.0 0
45400.0 0
45500.0 0
45600.0 0
45700.0 0
45800.0 0
45900.0 0
46000.0 0
46100.0 0
