0.0 0
100.0 0
200.0 0
300.0 0
400.0 0
500.0 1
600.0 2
700.0 2
800.0 2
900.0 8
1000.0 11
1100.0 13
1200.0 13
1300.0 14
1400.0 14
1500.0 14
1600.0 14
1700.0 14
1800.0 14
1900.0 14
2000.0 14
2100.0 14
2200.0 14
2300.0 14
2400.0 14
2500.0 14
2600.0 14
2700.0 14
2800.0 14
2900.0 14
3000.0 14
3100.0 14
3200.0 14
3300.0 14
3400.0 14
3500.0 14
3600.0 14
3700.0 14
3800.0 14
3900.0 14
4000.0 14
4100.0 14
4200.0 14
4300.0 14
4400.0 14
4500.0 14
4600.0 14
4700.0 14
4800.0 14
4900.0 14
5000.0 14
5100.0 14
5200.0 14
5300.0 14
5400.0 14
5500.0 14
5600.0 14
5700.0 14
5800.0 14
5900.0 14
6000.0 14
6100.0 14
6200.0 14
6300.0 14
6400.0 14
6500.0 15
6600.0 14
6700.0 14
6800.0 14
6900.0 14
7000.0 14
7100.0 14
7200.0 14
7300.0 14
7400.0 14
7500.0 14
7600.0 14
7700.0 14
7800.0 13
7900.0 13
8000.0 12
8100.0 12
8200.0 12
8300.0 6
8400.0 5
8500.0 4
8600.0 6
8700.0 8
8800.0 9
8900.0 9
9000.0 9
9100.0 9
9200.0 9
9300.0 9
9400.0 11
9500.0 11
9600.0 11
9700.0 11
9800.0 11
9900.0 11
10000.0 11
10100.0 11
10200.0 11
10300.0 11
10400.0 11
10500.0 11
10600.0 11
10700.0 11
10800.0 11
10900.0 11
11000.0 11
11100.0 11
11200.0 11
11300.0 11
11400.0 11
11500.0 11
11600.0 11
11700.0 11
11800.0 11
11900.0 11
12000.0 12
12100.0 11
12200.0 11
12300.0 11
12400.0 11
12500.0 11
12600.0 11
12700.0 11
12800.0 11
12900.0 11
13000.0 11
13100.0 11
13200.0 11
13300.0 12
13400.0 11
13500.0 11
13600.0 11
13700.0 11
13800.0 11
13900.0 11
14000.0 11
14100.0 11
14200.0 11
14300.0 11
14400.0 11
14500.0 11
14600.0 11
14700.0 12
14800.0 11
14900.0 11
15000.0 11
15100.0 11
15200.0 11
15300.0 11
15400.0 11
15500.0 11
15600.0 10
15700.0 10
15800.0 9
15900.0 6
16000.0 6
16100.0 5
16200.0 4
16300.0 4
16400.0 4
16500.0 4
16600.0 4
16700.0 4
16800.0 4
16900.0 4
17000.0 4
17100.0 4
17200.0 4
17300.0 4
17400.0 4
17500.0 4
17600.0 4
17700.0 4
17800.0 4
17900.0 4
18000.0 4
18100.0 4
18200.0 4
18300.0 4
18400.0 4
18500.0 4
18600.0 4
18700.0 4
18800.0 4
18900.0 4
19000.0 4
19100.0 4
19200.0 4
19300.0 4
19400.0 4
19500.0 4
19600.0 4
19700.0 4
19800.0 5
19900.0 5
20000.0 5
20100.0 5
20200.0 5
20300.0 5
20400.0 6
20500.0 6
20600.0 6
20700.0 6
20800.0 7
20900.0 6
21000.0 6
21100.0 6
21200.0 6
21300.0 6
21400.0 6
21500.0 6
21600.0 6
21700.0 6
21800.0 6
21900.0 6
22000.0 6
22100.0 6
22200.0 7
22300.0 7
22400.0 7
22500.0 7
22600.0 7
22700.0 7
22800.0 7
22900.0 7
23000.0 7
23100.0 7
23200.0 7
23300.0 7
23400.0 7
23500.0 7
23600.0 7
23700.0 7
23800.0 7
23900.0 7
24000.0 7
24100.0 7
24200.0 7
24300.0 7
24400.0 7
24500.0 7
24600.0 7
24700.0 7
24800.0 7
24900.0 7
25000.0 8
25100.0 7
25200.0 7
25300.0 7
25400.0 7
25500.0 7
25600.0 7
25700.0 7
25800.0 7
25900.0 7
26000.0 7
26100.0 7
26200.0 7
26300.0 7
26400.0 7
26500.0 7
26600.0 7
26700.0 7
26800.0 7
26900.0 7
27000.0 7
27100.0 7
27200.0 6
27300.0 6
27400.0 6
27500.0 6
27600.0 6
27700.0 6
27800.0 6
27900.0 6
28000.0 6
28100.0 6
28200.0 7
28300.0 7
28400.0 7
28500.0 7
28600.0 7
28700.0 7
28800.0 7
28900.0 7
29000.0 7
29100.0 8
29200.0 8
29300.0 9
29400.0 9
29500.0 9
29600.0 8
29700.0 8
29800.0 8
29900.0 8
30000.0 7
30100.0 7
30200.0 7
30300.0 7
30400.0 7
30500.0 6
30600.0 6
30700.0 6
30800.0 6
30900.0 6
31000.0 6
31100.0 6
31200.0 6
31300.0 5
31400.0 5
31500.0 5
31600.0 6
31700.0 5
31800.0 5
31900.0 5
32000.0 5
32100.0 5
32200.0 5
32300.0 5
32400.0 5
32500.0 5
32600.0 5
32700.0 5
32800.0 5
32900.0 5
33000.0 5
33100.0 5
33200.0 5
33300.0 5
33400.0 5
33500.0 5
33600.0 5
33700.0 5
33800.0 5
33900.0 5
34000.0 5
34100.0 5
34200.0 5
34300.0 5
34400.0 5
34500.0 5
34600.0 5
34700.0 5
34800.0 5
34900.0 5
35000.0 5
35100.0 4
35200.0 4
35300.0 4
35400.0 4
35500.0 4
35600.0 4
35700.0 4
35800.0 4
35900.0 4
36000.0 4
36100.0 4
36200.0 4
36300.0 4
36400.0 3
36500.0 3
36600.0 2
36700.0 2
36800.0 2
36900.0 2
37000.0 2
37100.0 2
37200.0 2
37300.0 2
37400.0 2
37500.0 2
37600.0 2
37700.0 2
37800.0 2
37900.0 2
38000.0 2
38100.0 2
38200.0 2
38300.0 2
38400.0 2
38500.0 1
38600.0 1
38700.0 1
38800.0 1
38900.0 1
39000.0 1
39100.0 1
39200.0 1
39300.0 2
39400.0 1
39500.0 1
39600.0 2
39700.0 1
39800.0 1
39900.0 1
40000.0 2
40100.0 1
40200.0 1
40300.0 1
40400.0 1
40500.0 1
40600.0 1
40700.0 1
40800.0 1
40900.0 1
41000.0 1
41100.0 1
41200.0 1
41300.0 1
41400.0 1
41500.0 1
41600.0 1
41700.0 1
41800.0 1
41900.0 1
42000.0 1
42100.0 1
42200.0 1
42300.0 1
42400.0 1
42500.0 1
42600.0 1
42700.0 1
42800.0 1
42900.0 1
43000.0 1
43100.0 0
43200.0 0
43300.0 0
43400.0 0
43500.0 0
43600.0 0
43700.0 0
43800.0 0
43900.0 0
44000.0 0
44100.0 0
44200.0 0
44300.0 0
44400.0 0
44500.0 0
44600.0 0
44700.0 0
44800.0 0
44900.0 0
45000.0 0
45100.0 0
45200.0 0
45300.0 0
45400.0 0
45500.0 0
45600.0 0
45700.0 0
45800.0 0
45900.0 0
