0.0 0
100.0 0
200.0 0
300.0 0
400.0 0
500.0 1
600.0 2
700.0 2
800.0 2
900.0 2
1000.0 2
1100.0 2
1200.0 2
1300.0 2
1400.0 2
1500.0 2
1600.0 2
1700.0 2
1800.0 2
1900.0 2
2000.0 2
2100.0 2
2200.0 2
2300.0 2
2400.0 2
2500.0 2
2600.0 2
2700.0 2
2800.0 2
2900.0 2
3000.0 2
3100.0 2
3200.0 2
3300.0 2
3400.0 2
3500.0 2
3600.0 2
3700.0 2
3800.0 2
3900.0 2
4000.0 2
4100.0 2
4200.0 2
4300.0 2
4400.0 2
4500.0 2
4600.0 2
4700.0 2
4800.0 2
4900.0 2
5000.0 2
5100.0 2
5200.0 2
5300.0 2
5400.0 2
5500.0 2
5600.0 2
5700.0 2
5800.0 2
5900.0 2
6000.0 2
6100.0 2
6200.0 2
6300.0 2
6400.0 2
6500.0 2
6600.0 2
6700.0 2
6800.0 2
6900.0 2
7000.0 2
7100.0 2
7200.0 2
7300.0 2
7400.0 2
7500.0 2
7600.0 2
7700.0 2
7800.0 2
7900.0 1
8000.0 1
8100.0 1
8200.0 1
8300.0 3
8400.0 4
8500.0 4
8600.0 4
8700.0 4
8800.0 5
8900.0 8
9000.0 8
9100.0 8
9200.0 8
9300.0 8
9400.0 8
9500.0 10
9600.0 10
9700.0 10
9800.0 10
9900.0 10
10000.0 10
10100.0 10
10200.0 10
10300.0 10
10400.0 10
10500.0 10
10600.0 10
10700.0 10
10800.0 10
10900.0 10
11000.0 10
11100.0 10
11200.0 10
11300.0 10
11400.0 10
11500.0 10
11600.0 10
11700.0 10
11800.0 10
11900.0 10
12000.0 10
12100.0 10
12200.0 10
12300.0 10
12400.0 10
12500.0 10
12600.0 10
12700.0 10
12800.0 10
12900.0 10
13000.0 10
13100.0 10
13200.0 10
13300.0 10
13400.0 10
13500.0 10
13600.0 10
13700.0 10
13800.0 10
13900.0 10
14000.0 10
14100.0 10
14200.0 10
14300.0 10
14400.0 10
14500.0 10
14600.0 10
14700.0 10
14800.0 10
14900.0 10
15000.0 10
15100.0 10
15200.0 10
15300.0 10
15400.0 10
15500.0 10
15600.0 10
15700.0 8
15800.0 8
15900.0 8
16000.0 8
16100.0 7
16200.0 6
16300.0 4
16400.0 4
16500.0 4
16600.0 3
16700.0 3
16800.0 2
16900.0 2
17000.0 2
17100.0 2
17200.0 2
17300.0 1
17400.0 1
17500.0 1
17600.0 1
17700.0 1
17800.0 1
17900.0 1
18000.0 1
18100.0 1
18200.0 1
18300.0 1
18400.0 1
18500.0 1
18600.0 1
18700.0 1
18800.0 1
18900.0 1
19000.0 1
19100.0 1
19200.0 1
19300.0 1
19400.0 1
19500.0 1
19600.0 1
19700.0 1
19800.0 1
19900.0 1
20000.0 1
20100.0 1
20200.0 1
20300.0 1
20400.0 1
20500.0 1
20600.0 2
20700.0 2
20800.0 2
20900.0 2
21000.0 2
21100.0 2
21200.0 2
21300.0 2
21400.0 3
21500.0 5
21600.0 5
21700.0 5
21800.0 5
21900.0 5
22000.0 5
22100.0 5
22200.0 5
22300.0 5
22400.0 5
22500.0 5
22600.0 5
22700.0 5
22800.0 5
22900.0 5
23000.0 5
23100.0 5
23200.0 5
23300.0 5
23400.0 5
23500.0 5
23600.0 5
23700.0 5
23800.0 5
23900.0 5
24000.0 5
24100.0 5
24200.0 5
24300.0 5
24400.0 5
24500.0 5
24600.0 5
24700.0 5
24800.0 5
24900.0 5
25000.0 5
25100.0 5
25200.0 5
25300.0 5
25400.0 5
25500.0 5
25600.0 5
25700.0 5
25800.0 5
25900.0 5
26000.0 5
26100.0 5
26200.0 5
26300.0 5
26400.0 5
26500.0 5
26600.0 5
26700.0 5
26800.0 5
26900.0 5
27000.0 5
27100.0 5
27200.0 5
27300.0 5
27400.0 5
27500.0 5
27600.0 6
27700.0 6
27800.0 7
27900.0 7
28000.0 7
28100.0 7
28200.0 7
28300.0 7
28400.0 7
28500.0 7
28600.0 7
28700.0 7
28800.0 6
28900.0 5
29000.0 5
29100.0 5
29200.0 5
29300.0 5
29400.0 5
29500.0 5
29600.0 5
29700.0 6
29800.0 7
29900.0 7
30000.0 7
30100.0 9
30200.0 9
30300.0 9
30400.0 9
30500.0 9
30600.0 9
30700.0 9
30800.0 9
30900.0 9
31000.0 9
31100.0 9
31200.0 9
31300.0 9
31400.0 9
31500.0 9
31600.0 9
31700.0 9
31800.0 9
31900.0 9
32000.0 9
32100.0 9
32200.0 9
32300.0 9
32400.0 9
32500.0 9
32600.0 9
32700.0 9
32800.0 9
32900.0 9
33000.0 9
33100.0 9
33200.0 9
33300.0 9
33400.0 9
33500.0 9
33600.0 9
33700.0 9
33800.0 9
33900.0 9
34000.0 9
34100.0 9
34200.0 9
34300.0 9
34400.0 9
34500.0 9
34600.0 9
34700.0 9
34800.0 9
34900.0 9
35000.0 9
35100.0 9
35200.0 8
35300.0 8
35400.0 8
35500.0 8
35600.0 8
35700.0 8
35800.0 8
35900.0 8
36000.0 8
36100.0 8
36200.0 8
36300.0 8
36400.0 8
36500.0 8
36600.0 9
36700.0 9
36800.0 9
36900.0 10
37000.0 10
37100.0 8
37200.0 8
37300.0 8
37400.0 7
37500.0 6
37600.0 6
37700.0 6
37800.0 6
37900.0 6
38000.0 6
38100.0 6
38200.0 6
38300.0 6
38400.0 6
38500.0 6
38600.0 6
38700.0 6
38800.0 6
38900.0 6
39000.0 6
39100.0 6
39200.0 6
39300.0 6
39400.0 6
39500.0 6
39600.0 6
39700.0 6
39800.0 6
39900.0 6
40000.0 6
40100.0 5
40200.0 5
40300.0 5
40400.0 5
40500.0 5
40600.0 5
40700.0 4
40800.0 4
40900.0 4
41000.0 4
41100.0 4
41200.0 4
41300.0 4
41400.0 4
41500.0 4
41600.0 4
41700.0 4
41800.0 4
41900.0 4
42000.0 4
42100.0 4
42200.0 4
42300.0 4
42400.0 3
42500.0 3
42600.0 3
42700.0 3
42800.0 3
42900.0 3
43000.0 3
43100.0 3
43200.0 3
43300.0 3
43400.0 3
43500.0 3
43600.0 3
43700.0 3
43800.0 3
43900.0 3
44000.0 2
44100.0 2
44200.0 2
44300.0 2
44400.0 2
44500.0 2
44600.0 2
