0.0 0
100.0 0
200.0 0
300.0 0
400.0 0
500.0 0
600.0 1
700.0 1
800.0 1
900.0 3
1000.0 8
1100.0 9
1200.0 10
1300.0 10
1400.0 10
1500.0 10
1600.0 10
1700.0 10
1800.0 10
1900.0 10
2000.0 10
2100.0 10
2200.0 10
2300.0 10
2400.0 10
2500.0 10
2600.0 10
2700.0 10
2800.0 10
2900.0 10
3000.0 10
3100.0 10
3200.0 10
3300.0 10
3400.0 10
3500.0 10
3600.0 10
3700.0 11
3800.0 10
3900.0 10
4000.0 10
4100.0 10
4200.0 10
4300.0 10
4400.0 10
4500.0 10
4600.0 10
4700.0 11
4800.0 10
4900.0 10
5000.0 10
5100.0 10
5200.0 10
5300.0 10
5400.0 10
5500.0 11
5600.0 10
5700.0 10
5800.0 10
5900.0 10
6000.0 10
6100.0 10
6200.0 10
6300.0 10
6400.0 10
6500.0 10
6600.0 10
6700.0 10
6800.0 10
6900.0 10
7000.0 10
7100.0 10
7200.0 10
7300.0 10
7400.0 10
7500.0 10
7600.0 10
7700.0 10
7800.0 10
7900.0 10
8000.0 10
8100.0 10
8200.0 9
8300.0 4
8400.0 2
8500.0 1
8600.0 1
8700.0 2
8800.0 3
8900.0 4
9000.0 7
9100.0 7
9200.0 7
9300.0 7
9400.0 7
9500.0 8
9600.0 9
9700.0 9
9800.0 9
9900.0 9
10000.0 9
10100.0 9
10200.0 9
10300.0 9
10400.0 9
10500.0 9
10600.0 9
10700.0 9
10800.0 9
10900.0 9
11000.0 9
11100.0 9
11200.0 9
11300.0 9
11400.0 9
11500.0 9
11600.0 9
11700.0 9
11800.0 9
11900.0 9
12000.0 9
12100.0 9
12200.0 9
12300.0 9
12400.0 9
12500.0 9
12600.0 9
12700.0 9
12800.0 9
12900.0 9
13000.0 9
13100.0 9
13200.0 9
13300.0 9
13400.0 9
13500.0 9
13600.0 9
13700.0 9
13800.0 9
13900.0 9
14000.0 9
14100.0 9
14200.0 9
14300.0 9
14400.0 9
14500.0 9
14600.0 9
14700.0 9
14800.0 9
14900.0 9
15000.0 9
15100.0 9
15200.0 8
15300.0 8
15400.0 8
15500.0 8
15600.0 8
15700.0 8
15800.0 8
15900.0 8
16000.0 8
16100.0 7
16200.0 6
16300.0 6
16400.0 4
16500.0 4
16600.0 4
16700.0 4
16800.0 4
16900.0 3
17000.0 3
17100.0 3
17200.0 3
17300.0 3
17400.0 3
17500.0 3
17600.0 3
17700.0 3
17800.0 3
17900.0 3
18000.0 3
18100.0 3
18200.0 3
18300.0 3
18400.0 3
18500.0 3
18600.0 3
18700.0 3
18800.0 3
18900.0 3
19000.0 3
19100.0 3
19200.0 3
19300.0 3
19400.0 3
19500.0 3
19600.0 3
19700.0 3
19800.0 3
19900.0 3
20000.0 3
20100.0 3
20200.0 3
20300.0 5
20400.0 3
20500.0 3
20600.0 3
20700.0 3
20800.0 3
20900.0 3
21000.0 3
21100.0 3
21200.0 3
21300.0 3
21400.0 3
21500.0 4
21600.0 4
21700.0 4
21800.0 4
21900.0 5
22000.0 5
22100.0 5
22200.0 5
22300.0 6
22400.0 6
22500.0 6
22600.0 6
22700.0 6
22800.0 6
22900.0 6
23000.0 6
23100.0 6
23200.0 6
23300.0 6
23400.0 6
23500.0 5
23600.0 4
23700.0 5
23800.0 5
23900.0 5
24000.0 4
24100.0 4
24200.0 4
24300.0 4
24400.0 4
24500.0 4
24600.0 4
24700.0 4
24800.0 4
24900.0 4
25000.0 4
25100.0 4
25200.0 4
25300.0 4
25400.0 4
25500.0 4
25600.0 4
25700.0 4
25800.0 4
25900.0 4
26000.0 5
26100.0 4
26200.0 4
26300.0 4
26400.0 4
26500.0 4
26600.0 4
26700.0 4
26800.0 4
26900.0 4
27000.0 4
27100.0 4
27200.0 4
27300.0 4
27400.0 4
27500.0 4
27600.0 4
27700.0 4
27800.0 4
27900.0 4
28000.0 4
28100.0 4
28200.0 4
28300.0 4
28400.0 5
28500.0 5
28600.0 5
28700.0 5
28800.0 5
28900.0 6
29000.0 6
29100.0 6
29200.0 6
29300.0 5
29400.0 5
29500.0 5
29600.0 5
29700.0 4
29800.0 4
29900.0 4
30000.0 4
30100.0 4
30200.0 4
30300.0 4
30400.0 4
30500.0 4
30600.0 4
30700.0 4
30800.0 4
30900.0 4
31000.0 3
31100.0 3
31200.0 3
31300.0 3
31400.0 3
31500.0 3
31600.0 3
31700.0 3
31800.0 3
31900.0 3
32000.0 3
32100.0 4
32200.0 3
32300.0 3
32400.0 3
32500.0 3
32600.0 3
32700.0 3
32800.0 3
32900.0 3
33000.0 3
33100.0 3
33200.0 3
33300.0 3
33400.0 3
33500.0 3
33600.0 3
33700.0 3
33800.0 3
33900.0 3
34000.0 3
34100.0 3
34200.0 3
34300.0 3
34400.0 3
34500.0 3
34600.0 3
34700.0 3
34800.0 3
34900.0 3
35000.0 3
35100.0 3
35200.0 3
35300.0 3
35400.0 3
35500.0 4
35600.0 3
35700.0 3
35800.0 2
35900.0 2
36000.0 2
36100.0 1
36200.0 1
36300.0 0
36400.0 0
36500.0 0
36600.0 0
36700.0 0
36800.0 0
36900.0 0
37000.0 0
37100.0 0
37200.0 0
37300.0 0
37400.0 0
37500.0 0
37600.0 0
37700.0 1
37800.0 1
37900.0 0
38000.0 0
38100.0 0
38200.0 0
38300.0 0
38400.0 0
38500.0 0
38600.0 0
38700.0 0
38800.0 0
38900.0 0
39000.0 0
39100.0 0
39200.0 0
39300.0 0
39400.0 0
39500.0 0
39600.0 0
39700.0 0
39800.0 0
39900.0 0
40000.0 0
40100.0 0
40200.0 0
40300.0 0
40400.0 0
40500.0 0
40600.0 0
40700.0 0
40800.0 0
40900.0 0
41000.0 0
41100.0 0
41200.0 0
41300.0 0
41400.0 0
41500.0 0
41600.0 0
41700.0 0
41800.0 0
41900.0 0
42000.0 0
42100.0 0
42200.0 0
42300.0 0
42400.0 0
42500.0 0
42600.0 0
42700.0 0
42800.0 0
42900.0 0
43000.0 0
43100.0 0
43200.0 0
43300.0 0
43400.0 0
43500.0 0
43600.0 0
43700.0 0
43800.0 0
43900.0 0
44000.0 0
44100.0 0
44200.0 0
44300.0 0
44400.0 0
44500.0 0
44600.0 0
44700.0 0
44800.0 0
44900.0 0
45000.0 0
45100.0 0
45200.0 0
45300.0 0
45400.0 0
45500.0 0
45600.0 0
45700.0 0
45800.0 0
45900.0 0
46000.0 0
46100.0 0
46200.0 0
