0.0 0
100.0 0
200.0 0
300.0 0
400.0 0
500.0 0
600.0 1
700.0 1
800.0 0
900.0 1
1000.0 0
1100.0 3
1200.0 4
1300.0 2
1400.0 0
1500.0 3
1600.0 0
1700.0 0
1800.0 3
1900.0 2
2000.0 3
2100.0 3
2200.0 1
2300.0 1
2400.0 0
2500.0 4
2600.0 3
2700.0 3
2800.0 3
2900.0 4
3000.0 1
3100.0 2
3200.0 0
3300.0 2
3400.0 2
3500.0 2
3600.0 4
3700.0 2
3800.0 1
3900.0 4
4000.0 4
4100.0 1
4200.0 1
4300.0 0
4400.0 0
4500.0 2
4600.0 3
4700.0 1
4800.0 0
4900.0 3
5000.0 0
5100.0 2
5200.0 1
5300.0 2
5400.0 4
5500.0 4
5600.0 2
5700.0 4
5800.0 1
5900.0 3
6000.0 0
6100.0 0
6200.0 4
6300.0 3
6400.0 2
6500.0 1
6600.0 2
6700.0 2
6800.0 1
6900.0 0
7000.0 0
7100.0 0
7200.0 4
7300.0 2
7400.0 2
7500.0 3
7600.0 3
7700.0 0
7800.0 3
7900.0 2
8000.0 3
8100.0 3
8200.0 3
8300.0 2
8400.0 4
8500.0 4
8600.0 2
8700.0 2
8800.0 2
8900.0 1
9000.0 0
9100.0 1
9200.0 1
9300.0 3
9400.0 3
9500.0 2
9600.0 0
9700.0 1
9800.0 4
9900.0 2
10000.0 3
10100.0 4
10200.0 4
10300.0 3
10400.0 4
10500.0 3
10600.0 3
10700.0 3
10800.0 4
10900.0 0
11000.0 4
11100.0 3
11200.0 1
11300.0 4
11400.0 2
11500.0 0
11600.0 2
11700.0 2
11800.0 2
11900.0 1
12000.0 2
12100.0 1
12200.0 4
12300.0 2
12400.0 1
12500.0 0
12600.0 3
12700.0 1
12800.0 3
12900.0 0
13000.0 4
13100.0 2
13200.0 3
13300.0 2
13400.0 1
13500.0 1
13600.0 1
13700.0 0
13800.0 1
13900.0 1
14000.0 2
14100.0 1
14200.0 4
14300.0 2
14400.0 3
14500.0 4
14600.0 2
14700.0 1
14800.0 3
14900.0 2
15000.0 3
15100.0 2
15200.0 3
15300.0 2
15400.0 2
15500.0 2
15600.0 1
15700.0 1
15800.0 0
15900.0 1
16000.0 1
16100.0 0
16200.0 0
16300.0 0
16400.0 0
16500.0 0
16600.0 0
16700.0 0
16800.0 0
16900.0 0
17000.0 0
17100.0 0
17200.0 0
17300.0 0
17400.0 0
17500.0 0
17600.0 0
17700.0 0
17800.0 0
17900.0 0
18000.0 0
18100.0 0
18200.0 0
18300.0 0
18400.0 0
18500.0 0
18600.0 0
18700.0 0
18800.0 0
18900.0 0
19000.0 0
19100.0 0
19200.0 0
19300.0 0
19400.0 0
19500.0 0
19600.0 0
19700.0 0
19800.0 0
19900.0 0
20000.0 1
20100.0 0
20200.0 0
20300.0 0
20400.0 0
20500.0 3
20600.0 0
20700.0 3
20800.0 0
20900.0 1
21000.0 1
21100.0 2
21200.0 4
21300.0 3
21400.0 2
21500.0 5
21600.0 6
21700.0 0
21800.0 2
21900.0 5
22000.0 4
22100.0 4
22200.0 3
22300.0 1
22400.0 0
22500.0 0
22600.0 4
22700.0 1
22800.0 6
22900.0 3
23000.0 0
23100.0 1
23200.0 0
23300.0 0
23400.0 0
23500.0 5
23600.0 1
23700.0 1
23800.0 2
23900.0 2
24000.0 2
24100.0 5
24200.0 5
24300.0 5
24400.0 2
24500.0 6
24600.0 5
24700.0 2
24800.0 2
24900.0 6
25000.0 3
25100.0 3
25200.0 6
25300.0 4
25400.0 6
25500.0 4
25600.0 2
25700.0 3
25800.0 0
25900.0 4
26000.0 3
26100.0 4
26200.0 6
26300.0 4
26400.0 7
26500.0 5
26600.0 5
26700.0 0
26800.0 2
26900.0 5
27000.0 3
27100.0 1
27200.0 5
27300.0 2
27400.0 2
27500.0 0
27600.0 4
27700.0 3
27800.0 6
27900.0 2
28000.0 0
28100.0 0
28200.0 0
28300.0 3
28400.0 2
28500.0 2
28600.0 2
28700.0 0
28800.0 3
28900.0 6
29000.0 6
29100.0 3
29200.0 1
29300.0 4
29400.0 0
29500.0 1
29600.0 4
29700.0 4
29800.0 1
29900.0 1
30000.0 1
30100.0 3
30200.0 0
30300.0 2
30400.0 7
30500.0 6
30600.0 5
30700.0 2
30800.0 6
30900.0 6
31000.0 4
31100.0 1
31200.0 3
31300.0 2
31400.0 0
31500.0 3
31600.0 3
31700.0 1
31800.0 1
31900.0 2
32000.0 5
32100.0 2
32200.0 3
32300.0 6
32400.0 0
32500.0 0
32600.0 2
32700.0 0
32800.0 6
32900.0 1
33000.0 5
33100.0 1
33200.0 2
33300.0 1
33400.0 4
33500.0 4
33600.0 5
33700.0 2
33800.0 6
33900.0 6
34000.0 4
34100.0 4
34200.0 6
34300.0 0
34400.0 3
34500.0 4
34600.0 3
34700.0 5
34800.0 3
34900.0 2
35000.0 1
35100.0 5
35200.0 4
35300.0 3
35400.0 6
35500.0 1
35600.0 2
35700.0 6
35800.0 4
35900.0 2
36000.0 0
36100.0 5
36200.0 1
36300.0 5
36400.0 6
36500.0 4
36600.0 0
36700.0 1
36800.0 3
36900.0 4
37000.0 5
37100.0 0
37200.0 1
37300.0 0
37400.0 3
37500.0 3
37600.0 6
37700.0 4
37800.0 4
37900.0 5
38000.0 5
38100.0 1
38200.0 4
38300.0 1
38400.0 5
38500.0 4
38600.0 3
38700.0 0
38800.0 2
38900.0 3
39000.0 0
39100.0 4
39200.0 3
39300.0 2
39400.0 2
39500.0 0
39600.0 2
39700.0 0
39800.0 0
39900.0 1
40000.0 0
40100.0 0
40200.0 0
40300.0 0
40400.0 0
40500.0 0
40600.0 0
40700.0 0
40800.0 0
40900.0 0
41000.0 1
41100.0 1
41200.0 0
41300.0 0
41400.0 0
41500.0 0
41600.0 0
41700.0 0
41800.0 0
41900.0 0
42000.0 0
42100.0 0
42200.0 0
42300.0 0
42400.0 0
42500.0 0
42600.0 0
42700.0 0
42800.0 0
42900.0 0
43000.0 0
43100.0 0
43200.0 0
43300.0 0
43400.0 0
43500.0 0
43600.0 0
43700.0 0
43800.0 0
43900.0 0
44000.0 0
44100.0 0
44200.0 0
44300.0 0
44400.0 0
44500.0 0
44600.0 0
44700.0 0
44800.0 0
44900.0 0
45000.0 0
45100.0 0
45200.0 0
45300.0 0
45400.0 0
45500.0 0
45600.0 0
45700.0 0
45800.0 0
45900.0 0
46000.0 0
46100.0 0
46200.0 0
46300.0 0
46400.0 0
46800.0 0
