0.0 0
100.0 2
200.0 2
300.0 12
400.0 39
500.0 28
600.0 42
700.0 48
800.0 64
900.0 55
1000.0 67
1100.0 71
1200.0 83
1300.0 93
1400.0 85
1500.0 84
1600.0 87
1700.0 70
1800.0 95
1900.0 77
2000.0 97
2100.0 97
2200.0 91
2300.0 81
2400.0 71
2500.0 75
2600.0 90
2700.0 71
2800.0 94
2900.0 89
3000.0 77
3100.0 83
3200.0 95
3300.0 72
3400.0 93
3500.0 81
3600.0 97
3700.0 73
3800.0 85
3900.0 86
4000.0 86
4100.0 84
4200.0 99
4300.0 64
4400.0 78
4500.0 91
4600.0 74
4700.0 89
4800.0 76
4900.0 95
5000.0 78
5100.0 79
5200.0 83
5300.0 70
5400.0 94
5500.0 84
5600.0 90
5700.0 93
5800.0 88
5900.0 100
6000.0 86
6100.0 86
6200.0 92
6300.0 84
6400.0 105
6500.0 82
6600.0 89
6700.0 81
6800.0 88
6900.0 86
7000.0 87
7100.0 68
7200.0 89
7300.0 95
7400.0 73
7500.0 78
7600.0 87
7700.0 84
7800.0 62
7900.0 42
8000.0 43
8100.0 48
8200.0 48
8300.0 36
8400.0 52
8500.0 60
8600.0 53
8700.0 61
8800.0 66
8900.0 54
9000.0 75
9100.0 69
9200.0 57
9300.0 85
9400.0 85
9500.0 65
9600.0 66
9700.0 98
9800.0 89
9900.0 84
10000.0 77
10100.0 90
10200.0 75
10300.0 80
10400.0 78
10500.0 96
10600.0 92
10700.0 77
10800.0 88
10900.0 77
11000.0 93
11100.0 87
11200.0 78
11300.0 90
11400.0 96
11500.0 85
11600.0 82
11700.0 98
11800.0 76
11900.0 89
12000.0 89
12100.0 79
12200.0 82
12300.0 89
12400.0 91
12500.0 106
12600.0 94
12700.0 82
12800.0 84
12900.0 77
13000.0 79
13100.0 105
13200.0 82
13300.0 80
13400.0 80
13500.0 86
13600.0 73
13700.0 81
13800.0 82
13900.0 79
14000.0 65
14100.0 86
14200.0 83
14300.0 80
14400.0 88
14500.0 91
14600.0 65
14700.0 86
14800.0 91
14900.0 83
15000.0 81
15100.0 66
15200.0 66
15300.0 78
15400.0 71
15500.0 58
15600.0 62
15700.0 66
15800.0 54
15900.0 48
16000.0 45
16100.0 46
16200.0 32
16300.0 39
16400.0 36
16500.0 33
16600.0 30
16700.0 36
16800.0 35
16900.0 31
17000.0 35
17100.0 37
17200.0 40
17300.0 35
17400.0 36
17500.0 41
17600.0 34
17700.0 35
17800.0 34
17900.0 33
18000.0 34
18100.0 34
18200.0 34
18300.0 33
18400.0 32
18500.0 34
18600.0 39
18700.0 38
18800.0 36
18900.0 34
19000.0 38
19100.0 37
19200.0 33
19300.0 39
19400.0 35
19500.0 34
19600.0 36
19700.0 36
19800.0 37
19900.0 41
20000.0 39
20100.0 37
20200.0 37
20300.0 31
20400.0 42
20500.0 36
20600.0 37
20700.0 45
20800.0 50
20900.0 38
21000.0 52
21100.0 37
21200.0 53
21300.0 66
21400.0 61
21500.0 65
21600.0 60
21700.0 46
21800.0 54
21900.0 58
22000.0 55
22100.0 70
22200.0 60
22300.0 54
22400.0 64
22500.0 51
22600.0 58
22700.0 68
22800.0 53
22900.0 70
23000.0 61
23100.0 62
23200.0 57
23300.0 70
23400.0 58
23500.0 62
23600.0 62
23700.0 51
23800.0 54
23900.0 69
24000.0 50
24100.0 66
24200.0 68
24300.0 58
24400.0 84
24500.0 52
24600.0 62
24700.0 63
24800.0 59
24900.0 76
25000.0 57
25100.0 63
25200.0 77
25300.0 61
25400.0 75
25500.0 69
25600.0 57
25700.0 58
25800.0 68
25900.0 72
26000.0 73
26100.0 58
26200.0 67
26300.0 81
26400.0 76
26500.0 62
26600.0 76
26700.0 62
26800.0 61
26900.0 75
27000.0 57
27100.0 67
27200.0 67
27300.0 51
27400.0 54
27500.0 60
27600.0 64
27700.0 59
27800.0 64
27900.0 58
28000.0 60
28100.0 54
28200.0 57
28300.0 53
28400.0 56
28500.0 52
28600.0 65
28700.0 48
28800.0 46
28900.0 61
29000.0 65
29100.0 58
29200.0 55
29300.0 62
29400.0 52
29500.0 67
29600.0 54
29700.0 66
29800.0 62
29900.0 70
30000.0 64
30100.0 70
30200.0 64
30300.0 71
30400.0 71
30500.0 75
30600.0 78
30700.0 59
30800.0 64
30900.0 58
31000.0 69
31100.0 65
31200.0 73
31300.0 67
31400.0 64
31500.0 61
31600.0 65
31700.0 55
31800.0 61
31900.0 57
32000.0 79
32100.0 72
32200.0 78
32300.0 77
32400.0 64
32500.0 66
32600.0 64
32700.0 61
32800.0 78
32900.0 65
33000.0 62
33100.0 66
33200.0 68
33300.0 70
33400.0 72
33500.0 61
33600.0 70
33700.0 76
33800.0 68
33900.0 71
34000.0 75
34100.0 73
34200.0 63
34300.0 69
34400.0 73
34500.0 73
34600.0 67
34700.0 69
34800.0 64
34900.0 63
35000.0 68
35100.0 62
35200.0 79
35300.0 62
35400.0 74
35500.0 62
35600.0 54
35700.0 57
35800.0 58
35900.0 65
36000.0 51
36100.0 64
36200.0 65
36300.0 68
36400.0 75
36500.0 67
36600.0 60
36700.0 62
36800.0 45
36900.0 54
37000.0 62
37100.0 60
37200.0 67
37300.0 56
37400.0 67
37500.0 65
37600.0 68
37700.0 53
37800.0 66
37900.0 66
38000.0 71
38100.0 64
38200.0 67
38300.0 72
38400.0 64
38500.0 69
38600.0 67
38700.0 64
38800.0 69
38900.0 68
39000.0 68
39100.0 68
39200.0 57
39300.0 59
39400.0 58
39500.0 59
39600.0 53
39700.0 60
39800.0 62
39900.0 58
40000.0 61
40100.0 60
40200.0 50
40300.0 56
40400.0 53
40500.0 55
40600.0 55
40700.0 54
40800.0 55
40900.0 58
41000.0 61
41100.0 61
41200.0 60
41300.0 64
41400.0 64
41500.0 63
41600.0 62
41700.0 64
41800.0 68
41900.0 66
42000.0 58
42100.0 61
42200.0 52
42300.0 41
42400.0 35
42500.0 26
42600.0 16
42700.0 15
42800.0 13
42900.0 14
43000.0 13
43100.0 10
43200.0 7
43300.0 6
43400.0 8
43500.0 9
43600.0 4
43700.0 3
43800.0 6
43900.0 10
44000.0 6
44100.0 9
44200.0 3
44300.0 2
44400.0 7
44500.0 6
44600.0 7
44700.0 7
44800.0 4
44900.0 5
45000.0 5
45100.0 6
45200.0 3
45300.0 5
45400.0 5
45500.0 5
45600.0 7
45700.0 9
45800.0 5
45900.0 5
46000.0 2
46100.0 3
46200.0 2
46300.0 2
46400.0 0
46900.0 0
